Contents: [1553102901.3763554, 1553103040.9146662, 1553103181.4672132, 1553103252.623467, 1553103327.6628463, 1553103400.4120803]
Constants: [[0.002556562127320967], [0.0010841332941497945], [0.0009871598096232045], [0.000978446403939756], [0.0009793372140624679], [0.0009793300507717243]]