Contents: [1553203971.3550003, 1553204446.7601724, 1553204929.8978596, 1553205409.9400654, 1553205889.4211793, 1553206366.4250638, 1553206879.2893958]
Constants: [[2.437101183848424e-08, 0.15570600000000004], [2.3002046271586594e-08, 0.15570600000000037], [2.0997692223648586e-08, 0.15570600000000162], [2.1581311622535464e-08, 0.15570600000000182], [2.1506477524321084e-08, 0.15570600000000226], [2.1502479766336327e-08, 0.1557060000000028], [2.150251145422524e-08, 0.1557060000000033]]