Contents: [1553179963.9286556]
Constants: [[0.0, 0.1557197807671084]]