Contents: [1553278656.1259015,1553279404.721862,1553280156.832746,1553280899.5792038,1553281641.5392308,1553282382.3758047,1553283107.3673935,1553283854.4851239,1553283854.4851239]
Constants: [[6.12665362e-05], [1.45096283], [2.22920187], [2.97466463], [3.34233289], [3.46296197], [3.47846738], [3.47899177], [3.47899382], [3.47899177]]
