Contents: [1552936624.8746321, 1552938889.257947, 1552940314.5288272, 1552940738.7257555, 1552940881.3704076, 1552941024.1933017, 1552941165.6822782, 1552941307.6582813, 1552941449.0973427, 1552941593.1407347, 1552941733.0129323, 1552941873.0487018, 1552942013.0532067, 1552942153.9032001, 1552942294.8869696, 1552942435.3402987, 1552942580.4554965, 1552942725.0140362, 1552942869.71075, 1552943014.0498652, 1552943162.5940483, 1552943308.261499, 1552943449.6852813, 1552943590.688565, 1552943738.4871807, 1552943886.602951, 1552944035.120484, 1552944182.2438335, 1552944330.1028988, 1552944478.3954606, 1552944629.0311527, 1552944776.5208864, 1552944924.6885147]
Constants: [[7.538022256195529e-13, 0.0, 1.850439913201915e-06, 0.0, 0.0], [6.521822598297448e-06, 0.0, 1.719106042241674e-07, 2.4243217473617004e-11, 0.0], [6.522365119856811e-06, 0.0, 2.4775360355110163e-08, 2.4419678585963676e-11, 0.0], [6.522363625736041e-06, 0.0, 2.5698549550431112e-08, 2.4419388455713578e-11, 0.0], [6.522365518687546e-06, 0.0, 2.5658956228149407e-08, 2.442056157963894e-11, 0.0], [6.522367715198909e-06, 0.0, 2.5655040354285136e-08, 2.442195274309724e-11, 0.0], [6.522370807920398e-06, 0.0, 2.565403382336372e-08, 2.442391473004266e-11, 0.0], [6.522401317135401e-06, 0.0, 2.564902441646299e-08, 2.4443272926523735e-11, 0.0], [6.5224712149139365e-06, 0.0, 2.5643012040757833e-08, 2.4487627184034992e-11, 0.0], [6.522693619656781e-06, 0.0, 2.5631997470195834e-08, 2.4628761869520972e-11, 0.0], [6.523277486299686e-06, 0.0, 2.5614990197207923e-08, 2.499928328566591e-11, 0.0], [6.52487556967481e-06, 0.0, 2.5587017720478808e-08, 2.6013439249351483e-11, 0.0], [6.52910593091775e-06, 0.0, 2.554216769680531e-08, 2.869807972233057e-11, 0.0], [6.540339774908883e-06, 0.0, 2.546968147972446e-08, 3.582725185984603e-11, 0.0], [6.569988992469724e-06, 0.0, 2.5353221259780366e-08, 5.4643160121472197e-11, 0.0], [6.648304658579948e-06, 0.0, 2.516654453559773e-08, 1.0434372765217694e-10, 0.0], [6.855401538346391e-06, 0.0, 2.4869262301556594e-08, 2.357713674051208e-10, 0.0], [7.405520313257296e-06, 0.0, 2.440025749332473e-08, 5.848874807809548e-10, 0.0], [8.878697243690973e-06, 0.0, 2.3671761485672107e-08, 1.5197946766551425e-09, 0.0], [1.2880954241216001e-05, 0.0, 2.2568575483319404e-08, 4.059706659730401e-09, 0.0], [2.4024820783358013e-05, 0.0, 2.096926450224892e-08, 1.1131827259167805e-08, 0.0], [5.630518337586851e-05, 0.0, 1.8841024380408334e-08, 3.161759271656468e-08, 0.0], [0.00015449745315660425, 0.0, 1.661356806053453e-08, 9.393237921235047e-08, 0.0], [0.00043651192113909555, 0.0, 1.6634360417681523e-08, 2.729044291126744e-07, 0.0], [0.0007619435208980217, 0.0, 2.5911325443027127e-08, 4.794380478663915e-07, 0.0], [0.0008806012713265439, 0.0, 2.6708470744551468e-08, 5.547419813326858e-07, 0.0], [0.0009760452314374357, 0.0, 2.696497502557929e-08, 6.153135211974543e-07, 0.0], [0.000995821119257805, 0.0, 2.667117851020099e-08, 6.278640220672162e-07, 0.0], [0.0010071140868170953, 0.0, 2.611058288973621e-08, 6.350309320029767e-07, 0.0], [0.0010054569092704845, 0.0, 2.572859967575791e-08, 6.339792033677817e-07, 0.0], [0.0010012549938901345, 0.0, 2.5646917809299378e-08, 6.313125062962271e-07, 0.0], [0.0010000205555639116, 0.0, 2.5654523274211135e-08, 6.30529090763216e-07, 0.0], [0.0009999948248149357, 0.0, 2.5656111128585984e-08, 6.305127949324474e-07, 0.0]]