Contents: [1553095148.3514514, 1553095284.5668123, 1553095420.62177, 1553095488.7117558]
Constants: [[0.0025393034407968475], [0.0010071290837208305], [0.0010027676242839354], [0.0010027650943442716]]