Contents: [1553131854.515192, 1553132099.4319592, 1553132341.2918332, 1553132584.5426161, 1553132827.5441341, 1553133071.878291, 1553133314.6588738, 1553133557.76722, 1553133802.6973894]
Constants: [[0.00029994439426819563], [0.040751825429401756], [0.0762495177043238], [0.11672785415259723], [0.14187839045774903], [0.15314749577416847], [0.15553150665139776], [0.15570388045471054], [0.15570611727122413]]