state = [0/2,0.2/1.8,0.4/1.6,0.6/1.4,0.8/1.2,1/1]
error = [NaN,1.2220057569198642e-07,9.763829356572386e-08,7.741030285747366e-08,5.899042142877121e-08,4.331773234205131e-08,4.1852377644395655e-08,3.474962728673667e-08,2.537996426317133e-08,1.2584598587668078e-08]

error2 = [7.484659135511889e-08,9.59026296665915e-08,1.1753516062386336e-07,1.309968396388507e-07,1.5207799266186344e-07,1.7431655287978517e-07,2.1526873905569512e-07,2.441959293633443e-07,2.784180034559667e-07]

