Contents: [1553109929.057019, 1553109974.6942363, 1553110066.3684413, 1553110112.1027238, 1553110158.623131, 1553110204.2512124, 1553110250.1390052]
Constants: [[0.0017043854342970461, 0.0], [0.0013950825454519989, 2.876120716549288e-09], [0.0009657061888939267, 3.2560660384322554e-09], [0.0009344392104383018, 3.1826575958173934e-09], [0.0009432260478916714, 3.2046284270081706e-09], [0.0009430816790203118, 3.2042759005081366e-09], [0.0009430807516341166, 3.2042736350602753e-09]]