Contents: [1551046159.235457, 1551047408.3036807, 1551048425.5789866, 1551050061.9152648, 1551050472.618155, 1551050676.6579404, 1551050881.3775914, 1551051084.5348976, 1551051290.8535597, 1551051705.8190603, 1551051914.0840468, 1551052128.2052114, 1551052346.2392135, 1551052564.7283695, 1551052774.8932536, 1551052988.2217693, 1551053418.3933704, 1551053840.7956185, 1551054049.4273503, 1551054464.6070259, 1551054881.6924245, 1551055716.7356439, 1551056149.4612665, 1551056568.9099727, 1551056772.4592688, 1551056975.886503, 1551057178.8148353, 1551057384.8828123, 1551057589.218146]
Constants: [[0.001000025520416463, 0.0, 0.00022230045955206858, 6.304679140121525e-07, 0.0005605428433406786], [0.0013329310933977382, 0.0, 7.794515416251901e-06, 9.318330020343242e-06, 0.0028419671107076192], [0.002005564570603203, 0.0, 4.698693154227492e-07, 1.4290233504786249e-05, 0.0046845441298407646], [0.0020055823423162414, 0.0, 5.214654567122827e-07, 1.4290555793127325e-05, 0.004684574899162221], [0.0015251086257028143, 0.0, 3.900800167252832e-07, 5.573326526238203e-06, 0.007370925452419983], [0.0010447277561016484, 0.0, 3.024314571617785e-07, 0.0, 0.010325539859897516], [0.001122665321891266, 0.0, 4.1759106457116953e-07, 0.0, 0.009932631865675752], [0.001260847456837076, 0.0, 2.3550006163064178e-07, 0.0, 0.009358803649538063], [0.0014352199465709357, 0.0, 5.136030550074963e-07, 0.0, 0.008945088656821226], [0.0024578860061436995, 0.0, 1.6898084554015537e-06, 0.0, 0.010019387194876012], [0.005985959336194946, 0.0, 6.772494268465219e-06, 0.0, 0.019305793203097478], [0.012816150616608957, 0.0, 1.68987030469414e-05, 0.0, 0.03979403440025942], [0.017416722237754447, 0.0, 2.3515576634338336e-05, 1.4457833337776506e-06, 0.05372449128453199], [0.02330552022325411, 3.140983808872287e-09, 3.1757132896726936e-05, 2.7604494847168757e-05, 0.07151042861222962], [0.028369109939245823, 7.047925077588667e-09, 3.2688171348444225e-05, 7.86970649136227e-05, 0.08740725928141284], [0.04973711217450498, 2.6265234775741158e-08, 2.267060130952334e-05, 0.00035771756289987246, 0.15603226289863267], [0.06618889853946808, 4.274300269704731e-08, 1.347759350460002e-05, 0.0006111256481263286, 0.2100253068965196], [0.06791684077219413, 4.497304256808983e-08, 9.953777382369766e-06, 0.0006482824188562825, 0.21638510778750447], [0.0654677824228856, 4.303657747503076e-08, 7.641688725977664e-06, 0.0006231705798174885, 0.20827308125865923], [0.06069886789994552, 3.887590193147627e-08, 5.6289416622588865e-06, 0.0005651671036380161, 0.1923304209252648], [0.046499823493264134, 2.6247346315663356e-08, 3.6585494727474275e-06, 0.0003868306266458575, 0.1447762260928528], [0.0449566092598028, 2.537626175271253e-08, 3.5371312565904534e-06, 0.00037399267406599174, 0.13997146091335333], [0.04234361167457661, 2.285198562542614e-08, 2.3470190883421314e-06, 0.00033874692652902815, 0.13106856870229264], [0.04088821170164475, 2.1678914986953788e-08, 1.988602805034451e-06, 0.0003221152182596699, 0.12628033097908603], [0.040692216083270144, 2.15527370257149e-08, 1.983441606601396e-06, 0.000320283654313678, 0.12565857265278318], [0.04074728439662267, 2.158357762805263e-08, 1.9786321728413805e-06, 0.0003207390544043627, 0.12582992490671582], [0.04075146775524191, 2.158709562267395e-08, 1.979861283915266e-06, 0.0003207887403618547, 0.12584379353524838], [0.040750668936010724, 2.158645386014067e-08, 1.979667300166824e-06, 0.0003207796380552065, 0.12584116705320525], [0.04075067049132121, 2.158645477882401e-08, 1.9796672323732663e-06, 0.0003207796515308645, 0.12584117192745556]]