Contents: [1583111258.3140173]
Change: [[-266291.9984216136, 0.0, 0.0, -784412.4358444759, 0.0, 0.0]]
Constants: [[0.0, 0.0, 0.0, 0.0, 0.0, 0.0]]