Contents: [1550710112.5800602, 1550711268.271507, 1550713538.186285, 1550714681.019628, 1550715824.0385602, 1550716964.5894911, 1550718107.4199798, 1550739764.113558]
Constants: [[0.0009714913917645228, 0.0, 0.0014179795061451442, 0.0, 0.0, 0.0, 0.0], [0.0009170383735379968, 1.967965550569916e-09, 0.0012931920374521049, 4.341775699956763e-09, 0.0, 0.0, 0.0], [0.0008847806571065305, 4.492088771068513e-09, 0.0008806532648465539, 1.1711035035584052e-08, 0.0, 0.0, 0.0], [0.0007528399933089665, 1.2006966722511112e-08, 0.000732171766534776, 1.1484676795200023e-08, 0.0, 0.0, 0.0], [0.0007728411377292972, 1.2039861671638549e-08, 0.0008112212229207993, 1.1469838881914319e-08, 0.0, 0.0, 0.0], [0.0007765907696696959, 1.3384099457725136e-08, 0.0008008568045187106, 1.1580783223980765e-08, 0.0, 0.0, 0.0], [0.0007750296736548529, 1.52500601052064e-08, 0.0008000443427370913, 1.1622597924569483e-08, 0.0, 0.0, 0.0], [0.0007750296736548847, 1.5250060105403265e-08, 0.0008000443427371021, 1.1622597924575121e-08, 0.0, 0.0, 0.0]]