Contents: [1552927648.0758443, 1552930802.655957, 1552931902.503668, 1552932277.2772632]
Constants: [[1.5871865295414066e-12, 0.0, 1.8500810308643788e-06, 0.0, 0.0], [1.8228423024515003e-05, 0.0, 7.475817989718188e-08, 4.352561323494717e-11, 0.0], [1.8228530878543676e-05, 0.0, 2.3135220204693505e-08, 4.3577075477197495e-11, 0.0], [1.8228534331827444e-05, 0.0, 2.3846710655053997e-08, 4.357979984270971e-11, 0.0]]