Contents: [1553189076.8967903]
Constants: [[0.0, 1.0000029441992957]]