Contents: [1550688626.676925, 1550689220.6122878, 1550690377.7722588, 1550690957.16533, 1550691531.768738, 1550692105.2984016, 1550692669.9228354, 1550693238.908291, 1550693808.2507584]
Constants: [[0.0015200345293974766, 0.0, 0.0017672818239055823, 0.0, 0.0, 0.0, 0.0], [0.00123129812057826, 2.2778011577851254e-09, 0.0013854120080281339, 4.077351695794484e-09, 0.0, 0.0, 0.0], [0.0010012648882587638, 1.3952043438032083e-09, 0.0008485959562148574, 4.405364858020659e-09, 0.0, 0.0, 0.0], [0.0008356533652527049, 1.611031365521181e-09, 0.000769231052097376, 3.3761106067414273e-09, 0.0, 0.0, 0.0], [0.0008686488031957435, 1.693617194942379e-09, 0.0008068426137319305, 3.6411201019348825e-09, 0.0, 0.0, 0.0], [0.0008685020690972464, 1.6680595238360125e-09, 0.0008012379867988581, 3.6280375006664336e-09, 0.0, 0.0, 0.0], [0.0008677297716191658, 1.67192346306682e-09, 0.0008015686912880774, 3.6247315952550904e-09, 0.0, 0.0, 0.0], [0.0008678285187853951, 1.6716174510074498e-09, 0.0008015662193633678, 3.625243298781027e-09, 3.437535945997735e-23, 0.0, 0.0], [0.000867827903557988, 1.6716140292685878e-09, 0.0008015651088450564, 3.62523759725841e-09, 3.315338556255073e-23, 5.922048882778848e-31, 6.350133850438141e-31]]