Contents: [1580230839.7039647]
Change: [[0.8801075497950996]]
Constants: [[1.61385426291853]]