Contents: [1583109000.5962496]
Change: [[12.643321093976558, 0.0]]
Constants: [[0.004773026949548, 0.004773026949548]]