Contents: [1553292461.870043, 1553292620.9509177, 1553292780.1910107, 1553292859.8943996, 1553292938.8906636, 1553293018.730846]
Constants: [[0.0031896149007868482, 0.0], [0.0013203473171300184, 7.46621095844602e-08], [0.0010120191924353815, 7.510067546797859e-08], [0.0010012057607126812, 7.511478332346558e-08], [0.0010039371242274767, 7.514611046813723e-08], [0.0010039160114736596, 7.518017856486986e-08]]