Contents: [1553119290.4601748, 1553122503.1264317, 1553123442.698459, 1553123915.6006176, 1553124153.491952, 1553124387.715624, 1553124640.0345733, 1553124878.646801, 1553125114.2812786, 1553125353.772337]
Constants: [[6.168438206196343e-07, 0.0], [3.132271643983345e-08, 8.057296421466326e-12], [2.3407895507519017e-08, 8.065482204824989e-12], [1.6232780204559022e-08, 8.1094860404954e-12], [1.9508820670471535e-08, 8.094744398188229e-12], [1.8373295358290076e-08, 8.103411213744321e-12], [1.793080845997076e-08, 8.111765757189122e-12], [1.8017291491207934e-08, 8.114132034824618e-12], [1.8013155342772777e-08, 8.117826998502552e-12], [1.801310753481043e-08, 8.121721859967978e-12]]