Contents: [1553264075.0193076, 1553264830.8596714, 1553265581.6588519, 1553266328.6233058, 1553267082.3908393, 1553267850.1101274, 1553268632.902074, 1553269366.2783346, 1553270098.0379229, 1553270815.1742291, 1553271531.845567, 1553272257.150797, 1553272986.6118166, 1553273707.9399953, 1553274431.8094404, 1553275154.7108748]
Constants: [[0.0011780251626818897], [0.051276036904125105], [0.0969759042620341], [0.1716973186414857], [0.25441343600864497], [0.351450574420707], [0.45847892469346807], [0.5758679209127261], [0.698001606252186], [0.8143682549781901], [0.9093316460296342], [0.9694960718056159], [0.994467220543401], [0.9996259545319757], [0.9999773978211093], [0.99998163524475]]