Contents: [1552921377.0811067, 1552922986.357522, 1552924118.2600935, 1552924452.4162967]
Constants: [[1.921553689537047e-13, 0.0, 1.8512989980221932e-06, 0.0, 0.0], [1.0744570943455594e-06, 0.0, 1.7225270403221413e-07, 8.968486478959757e-12, 0.0], [1.0745473126982367e-06, 0.0, 3.4439628167455274e-08, 9.025351441989538e-12, 0.0], [1.0745475049875769e-06, 0.0, 3.5313214301236205e-08, 9.025170154288565e-12, 0.0]]