Contents: [1550671434.8935478, 1550671539.9574459, 1550671645.1445673, 1550671852.8230088, 1550671956.0514328, 1550672059.4458785, 1550672162.8343053, 1550672266.1786413, 1550672369.4599164, 1550672472.8535516, 1550672575.9663894, 1550672679.1147656, 1550672782.2289524, 1550672885.522764, 1550672988.5809894, 1550673092.366631, 1550673195.842528, 1550673299.4505658, 1550673402.711053, 1550673506.3632138, 1550673609.574869, 1550673712.9832852, 1550673816.4820013, 1550673919.9080787, 1550674023.502163, 1550674126.7705846, 1550674230.008942, 1550674333.5283532, 1550674436.951286, 1550674643.3557158, 1550674746.6111383, 1550674849.824996, 1550674953.0659788, 1550675056.2683496, 1550675160.9056363, 1550675265.2124004, 1550675368.1896644]
Constants: [[0.0015933417033438463, 0.0, 0.0], [0.002690359349146361, 6.383279928270668e-12, 7.6412942269675e-05], [0.0023413534242480217, 1.710699088132545e-11, 7.406914689643994e-05], [0.0016128010620423186, 1.5594792514204948e-11, 7.78747460552911e-05], [0.001349706790832396, 0.0, 9.295259906480124e-05], [0.0013861422430011979, 0.0, 0.00012618604234659894], [0.001320290777929371, 0.0, 0.00015976185139112553], [0.0012349061102330133, 0.0, 0.00019615743355334028], [0.0011953304465863316, 0.0, 0.00023574809797896924], [0.001131078096436821, 0.0, 0.0002791327019272119], [0.0011280704082737788, 0.0, 0.00032823598173345816], [0.0010672422261004174, 0.0, 0.0003858486393058719], [0.001082985427324559, 0.0, 0.0004841030685412309], [0.00104609362912095, 0.0, 0.0005389778249342518], [0.0010358016675979646, 0.0, 0.0005794701946221008], [0.0010285821257926232, 0.0, 0.0006489940863221931], [0.0010263947579860146, 0.0, 0.0007220506985461462], [0.0010228019619494628, 0.0, 0.000807100494445854], [0.0010186946241345705, 0.0, 0.0009070671854034092], [0.0010157883614706723, 0.0, 0.0010180653120565734], [0.00101346293200789, 0.0, 0.0011427153396020436], [0.0010115540641774865, 0.0, 0.0012840100854175584], [0.0010100085073899618, 0.0, 0.0014434187556444324], [0.0010115675985622387, 0.0, 0.0016059659129885422], [0.0010077619523279565, 2.391459718910212e-12, 0.001833296605811987], [0.0010066571721390962, 3.5842547760069455e-12, 0.001988066027775097], [0.0010060609995034523, 5.820662443892042e-12, 0.0021873391064986185], [0.0010059581915352943, 2.714420535750103e-11, 0.0024058479139932904], [0.0010054896959989861, 4.574103432679093e-11, 0.0026396792582758914], [0.001005665005274224, 1.3413167948491576e-10, 0.0027511165107712387], [0.0010050489427741898, 1.7593163132233742e-10, 0.0029972544987596655], [0.001004713626838493, 2.3902396363332035e-10, 0.0032042269110098102], [0.0010046308742807503, 2.911956638805429e-10, 0.0033213972989850804], [0.0010045958659419478, 3.3432748748975816e-10, 0.003408955000859222], [0.0010045739485691671, 3.497676223282004e-10, 0.00344290075049421], [0.001004567965945113, 3.5320600189410544e-10, 0.0034507669669088534], [0.001004567586707105, 3.534257983317936e-10, 0.00345126889545054]]