Contents: [1550677677.9077108, 1550677785.6516943, 1550677893.4842896, 1550678109.7028713, 1550678217.6593359, 1550678325.3578353, 1550678433.929851, 1550678541.9722946, 1550678650.5277534, 1550678759.277311, 1550678867.8754332, 1550678976.3106072, 1550679195.0804546, 1550679304.475691, 1550679413.2963269, 1550679522.4567547, 1550679629.9781678, 1550679737.7541213, 1550679846.5944085, 1550679955.3339295, 1550680063.5598354, 1550680170.1388624, 1550680276.2964199, 1550680381.982489, 1550680593.2797265, 1550680698.987478, 1550680804.5747182, 1550680910.1796951]
Constants: [[0.001553231487261946, 0.0, 0.0], [0.0026227710844986623, 4.841596093225808e-12, 6.660425069217581e-05], [0.0022660652759869944, 1.305074916998534e-11, 6.417531336496535e-05], [0.0015569645938155814, 8.51520793420059e-12, 6.713608280622923e-05], [0.001324272512592639, 0.0, 8.013894057795151e-05], [0.0013593841389996709, 0.0, 0.00011109071043620643], [0.0012726675928535149, 0.0, 0.00013882114626875537], [0.0011986721405455609, 0.0, 0.00017005971956757674], [0.0011525307696557646, 0.0, 0.00020270710729484697], [0.0011044168017157365, 0.0, 0.0002378823269954644], [0.0010895849945332067, 0.0, 0.0002756638963645674], [0.0010299421176233655, 0.0, 0.0003217321498970869], [0.001051849251996852, 0.0, 0.0003878223759535444], [0.001022989725498659, 0.0, 0.0004206406278167812], [0.0010090189985885155, 0.0, 0.0004541541717854806], [0.0010033492802275445, 0.0, 0.0004879573692668221], [0.0010010323211892842, 0.0, 0.0005348994511938443], [0.0009983144388573503, 0.0, 0.0005793437712464366], [0.000994675974166611, 0.0, 0.0006291325933352529], [0.0009921863728137865, 0.0, 0.0006762736577511817], [0.0009904644359071681, 0.0, 0.0007194785789232657], [0.0009892223644095905, 0.0, 0.0007562186916124197], [0.0009884642763013267, 0.0, 0.0007831740116989823], [0.0009880935407652134, 0.0, 0.0007984386119511835], [0.000987906962819453, 0.0, 0.0008021686983857344], [0.0009879017349552275, 0.0, 0.0008069408314486813], [0.0009878972282550591, 0.0, 0.0008053837282078451], [0.0009878987238260307, 8.72925352825986e-18, 0.0008053194980259054]]