Contents: [1552915589.3159852, 1552917278.7091274, 1552918404.7407062, 1552918542.800842, 1552918818.5378852, 1552918956.7686062]
Constants: [[4.158454552737734e-13, 0.0, 6.166899735473572e-07, 0.0, 0.0], [1.4531221921860133e-07, 0.0, 5.524429298408432e-08, 6.690216369394251e-12, 0.0], [1.4535330786084638e-07, 0.0, 1.3314139513054471e-08, 6.7197669578897884e-12, 0.0], [1.4535372238882814e-07, 0.0, 1.1619429202100917e-08, 6.71989714791906e-12, 0.0], [1.4535424051789065e-07, 0.0, 1.0976543476914792e-08, 6.719927864257702e-12, 0.0], [1.4535476342006239e-07, 0.0, 1.0858042672720032e-08, 6.719932709838052e-12, 0.0]]