Contents: [1553111492.5227027, 1553111769.260293, 1553111952.831592, 1553112045.2277718, 1553112137.2405443, 1553112229.7474563, 1553112325.4917274, 1553112510.869962, 1553112602.9345212, 1553112695.8806827, 1553112788.1857657, 1553112880.0180993, 1553112972.7932224, 1553113066.21808, 1553113159.1302037, 1553113253.1619835, 1553113346.2082517, 1553113438.1598134, 1553113531.360077, 1553113623.9523492, 1553113716.112379, 1553113810.888466, 1553113907.4011266, 1553114003.0339167, 1553114100.2971296, 1553114194.7232487, 1553114291.1357503, 1553114389.287581, 1553114492.88416, 1553114586.0176315, 1553114679.3101711, 1553114775.0560265, 1553114869.921113, 1553114965.725206, 1553115058.4148169]
Constants: [[0.0021704670935960386, 0.0], [0.0012774284869035393, 3.1165665594150366e-08], [0.0009086444431535, 4.363962738220545e-08], [0.0008442418744213171, 5.374643128173642e-08], [0.0008650469022021573, 5.606262525227344e-08], [0.0008642137371630915, 6.131772832816048e-08], [0.0008641976577712366, 6.687001518952226e-08], [0.0008641884919564525, 1.0039939898644662e-07], [0.0008641777861356675, 2.0540125758475415e-07], [0.0008641443112869454, 8.054827748410224e-07], [0.0008641001444149899, 2.227753025615003e-06], [0.000864022541907206, 6.46601829999012e-06], [0.0008639008701159844, 1.7581199167439705e-05], [0.0008637018569521191, 4.755965477741173e-05], [0.0008633818528308653, 0.00012660059840077299], [0.0008628646331455508, 0.00033532560085430775], [0.0008620321524437411, 0.0008838259108275965], [0.0008606950517182538, 0.0023241464906539593], [0.0008585591436032125, 0.006101350314708872], [0.0008551768905844579, 0.016000365690355234], [0.0008499088250807661, 0.04190187189394858], [0.0008419610674901924, 0.10942621108914631], [0.0008307514018551235, 0.2837630655162249], [0.0008173153566417686, 0.7231053292657157], [0.0008082179426323712, 1.7685106554095538], [0.0008218887880963792, 3.944883000910746], [0.000879910984747928, 7.215672343816163], [0.0009521157924715442, 9.755208163184475], [0.000991905443877621, 10.5880938966397], [0.0010047732129072485, 10.53731923618288], [0.0010070188404065988, 10.264097772397655], [0.0010052845978761194, 10.099884343558676], [0.0010037719882735768, 10.071036854973919], [0.0010044148162771465, 10.074284659611001], [0.0010044138575470902, 10.074221062122225]]