Contents: [1581349497.0049794]
Change: [[0.4230113842252342]]
Constants: [[1.15]]