Contents: [1552868826.8361824, 1552871045.9540443, 1552872426.8921916, 1552872841.5948083, 1552872979.4248]
Constants: [[7.538022256195529e-13, 0.0, 1.850439913201915e-06, 0.0, 0.0], [6.521822598297448e-06, 0.0, 1.719106042241674e-07, 2.4243217473617004e-11, 0.0], [6.522365119856811e-06, 0.0, 2.4775360355110163e-08, 2.4419678585963676e-11, 0.0], [6.522363625736041e-06, 0.0, 2.5698549550431112e-08, 2.4419388455713578e-11, 0.0], [6.522365518687546e-06, 0.0, 2.5658956228149407e-08, 2.442056157963894e-11, 0.0]]