Contents: [1550622428.5474138, 1550622955.4474287, 1550624533.797173, 1550625056.8049889, 1550625317.9936345, 1550625579.6808681, 1550625841.1202343, 1550626102.5354319, 1550626363.7528372, 1550626624.5827253, 1550626885.9189732, 1550627147.6423125, 1550627409.5319016, 1550627671.3591022, 1550627933.2101402, 1550628194.4801006, 1550628719.3511293, 1550628981.224232, 1550629242.1937616, 1550629504.0599687, 1550629765.2725296, 1550632122.3078523]
Constants: [[0.0036303031729404945, 0.0, 0.0], [0.004661774294645418, 2.0547144540749753e-11, 6.256653644939962e-05], [0.001294046671598071, 2.1219259795373096e-10, 4.6486042810456936e-05], [0.0011694833342464246, 2.634098089260079e-10, 4.67681356836586e-05], [0.001175912079373141, 4.103801848633842e-09, 5.5759078232136256e-05], [0.001271958852531456, 3.4994479436713346e-08, 0.00012797500572458878], [0.0011731994304542306, 5.0650332261339244e-08, 0.00016472687544985364], [0.0011360386019112648, 7.361713089613321e-08, 0.00021845432863503117], [0.001086917192182549, 9.753736429436174e-08, 0.000274430497399051], [0.0010786348347867065, 1.279063738252372e-07, 0.00034507458513659555], [0.001017093902032169, 1.63688304157684e-07, 0.00042892177464149155], [0.0010366162090007186, 2.0733211147361024e-07, 0.0005279008087099886], [0.0010061627495690278, 2.532183020305117e-07, 0.0006260429417641041], [0.0009972302841213818, 2.9718264327680875e-07, 0.0007270107758778815], [0.000993914567271124, 3.410040757030258e-07, 0.0008221805713255155], [0.0009859965129006601, 3.7856093814314305e-07, 0.0009097355525347825], [0.0009910318216090695, 3.863229014699274e-07, 0.0009406188565715674], [0.000985362111521628, 4.0598219523643983e-07, 0.0009882345487388822], [0.0009833211310965118, 4.163713450459527e-07, 0.0010149731941051447], [0.0009831847085177647, 4.185937118255434e-07, 0.0010211515188226067], [0.000983190788881122, 4.18879406726879e-07, 0.0010219405778840152], [0.00098319078888336, 4.1887940674575636e-07, 0.0010219405779148805]]