Contents: [1583111605.9174037, 1583112700.6434119, 1583113797.1367323, 1583114882.956512, 1583115938.095065, 1583117028.5288804, 1583118123.588449, 1583119213.341794, 1583120300.599354, 1583121401.4710991, 1583122584.1457467, 1583123723.3364208, 1583124862.427966, 1583126000.054961, 1583127140.3406422, 1583128279.139843]
Change: [[-181.76353588984705, 0.0, 0.0, 0.0], [1.708174649969692, 0.005384948097778092, 0.0, -100.00425565007497], [-0.7261550155873002, 0.04521631254589829, 0.07534245611175841, -2.991528138374743], [-0.6804915155227504, 0.04373882570315767, 0.07069543202325683, -2.5566432616850223], [-0.38560365442993466, 0.03464159628341117, 0.041815097957745975, -0.4917952959357502], [-0.2862335560888757, 0.031722063872449295, 0.032489891587574614, -0.00639719165615888], [-0.2400438778202807, 0.03042215264650651, 0.028429061349977008, 0.1828325549398723], [-0.22682450817929975, 0.03010110859837327, 0.027558118216481572, 0.22154527003044402], [-0.19556497424539676, 0.029444300010375256, 0.02610502451067507, 0.2841793675523757], [-0.14567923295040716, 0.028551254694178737, 0.024776336766624916, 0.3383601925509895], [-0.07045350530956931, 0.027425794422183514, 0.024442618654605782, 0.34608407833223354], [-0.0010526252621432617, 0.02670145380152841, 0.026770960317551825, 0.23577084225261885], [0.009751395956601632, 0.02721158425457123, 0.03145000051728195, 0.01541983860795716], [0.002718041329485411, 0.0273779067380378, 0.031763372739529665, 0.0010762283332856621], [-3.54160971393206e-05, 0.02742891872031195, 0.031791658517696976, 4.478773989553023e-05], [1.2470754986185085e-07, 0.027428445734691515, 0.031792543194276504, -2.8194073097727e-06]]
Constants: [[0.0, 0.0, 0.0, 0.0], [1.0, 0.0, 0.0, 0.0], [1.2176050381026013, 0.0, 0.0, 0.4163077155277515], [1.2297526746478706, 0.0, 0.0, 0.4310787937545211], [1.3118970423136191, 0.0, 0.0, 0.5282993322166136], [1.3423835864638096, 0.0, 0.0, 0.5624411485728623], [1.3575186005670503, 0.0, 0.0, 0.5777702480939672], [1.3622563239382166, 0.0, 0.0, 0.5810021666405853], [1.3743999966876914, 0.0, 0.0, 0.5861189301403706], [1.39598335328012, 0.0, 0.0, 0.59004830367875], [1.433794013562734, 0.0, 0.0, 0.5887284719629403], [1.4765155746614231, 0.0, 0.0, 0.576675701590763], [1.488727479541735, 0.0, 0.0, 0.5581906607806504], [1.4846694557581648, 0.0, 0.0, 0.557238560732659], [1.4829915891391767, 0.0, 0.0, 0.5572208857920861], [1.4830145622274582, 0.0, 0.0, 0.557216403174234]]