Contents: [1579024890.7813425, 1579024892.2365942, 1579024893.1409805, 1579024894.0401433]
Change: [[4.776144815726163e-05], [-1.290140203975584e-13], [-1.290141140174416e-13], [-1.29014145218646e-13]]
Constants: [[340.0], [339.9999522385518], [339.9999840818948], [339.99999469449307]]