3.718765044972842051e-08,3.749544392412245953e-08,3.750505701988142397e-08,3.751466978396894795e-08,3.752428221626843209e-08
1.293477853950893153e-02,1.381460064902167648e-02,1.384304789618550670e-02,1.387155422292376573e-02,1.390011975088678575e-02
5.024095382965376722e-02,5.320439435537565459e-02,5.329974004733201848e-02,5.339525486219053735e-02,5.349093908740164272e-02
1.117345582962523121e-01,1.174657296406529661e-01,1.176493366797159157e-01,1.178332211726505069e-01,1.180173835016190831e-01
1.889554880946923976e-01,1.974231430639654672e-01,1.976934272978667917e-01,1.979640594178850854e-01,1.982350398040448047e-01
2.718701990472174868e-01,2.825795595187056142e-01,2.829203454179555766e-01,2.832615056802795239e-01,2.836030406213323474e-01
3.527279620877888933e-01,3.650275624769628857e-01,3.654179447055029839e-01,3.658086943765725962e-01,3.661998117205995662e-01
4.269041427628175178e-01,4.401805300203221472e-01,4.406010137057604914e-01,4.410218382959539829e-01,4.414430039411665341e-01
4.923034973593171104e-01,5.060619554370716644e-01,5.064969339612184207e-01,5.069322181280869755e-01,5.073678080234198529e-01
5.484611674970627515e-01,5.623379816716136403e-01,5.627760554923471048e-01,5.632143978551708008e-01,5.636530087984483739e-01
5.958067876428509990e-01,6.095517134263208625e-01,6.099850903926892220e-01,6.104187006612747934e-01,6.108525442378202053e-01
6.351798433189393966e-01,6.486306215238007988e-01,6.490542867657796977e-01,6.494781535753236801e-01,6.499022219369332554e-01
6.675490588507770884e-01,6.806075495116238327e-01,6.810185003423898653e-01,6.814296249892645152e-01,6.818409234237541305e-01
6.938665068588394380e-01,7.064794716690816490e-01,7.068761071478085745e-01,7.072728925597767669e-01,7.076698278692458155e-01
7.150012972270548550e-01,7.271460124237900668e-01,7.275276793541742837e-01,7.279094758290207690e-01,7.282914018092303543e-01
7.317166535299682861e-01,7.433905621263615648e-01,7.437572302388505419e-01,7.441240105446084163e-01,7.444909030037382136e-01
7.446688492608674048e-01,7.558822952982023891e-01,7.562343302116859567e-01,7.565864625538010202e-01,7.569386922854856037e-01
7.544160012649606672e-01,7.651872096599248163e-01,7.655252166641461908e-01,7.658633085112809269e-01,7.662014851640992497e-01
7.614303880281424464e-01,7.717820405428212904e-01,7.721067584777698833e-01,7.724315504968631840e-01,7.727564165652690553e-01
7.661111582269870546e-01,7.760680884901018928e-01,7.763803186054543115e-01,7.766926135767205919e-01,7.770049733717434570e-01
7.687960244128855258e-01,7.783836913238132427e-01,7.786842503814616068e-01,7.789848663510510196e-01,7.792855392031854400e-01
7.697714333308437462e-01,7.790149330405474748e-01,7.793046231353545350e-01,7.795943632790839350e-01,7.798841534450651203e-01
7.692811439266122875e-01,7.782045927234414462e-01,7.784841825805522975e-01,7.787638165370287524e-01,7.790434945688140544e-01
7.675333402489972201e-01,7.761595114252243244e-01,7.764297255307368584e-01,7.766999785613957208e-01,7.769702704956025219e-01
7.647064775325638220e-01,7.730566107554963651e-01,7.733181237892986504e-01,7.735796712351226123e-01,7.738412530736488160e-01
7.609540698300669703e-01,7.690477962542465740e-01,7.693012310663616127e-01,7.695546963435755394e-01,7.698081920686600244e-01
7.564086105300827922e-01,7.642639541306611717e-01,7.645098820398295025e-01,7.647558369541620493e-01,7.650018188583338485e-01
7.511847902803598931e-01,7.588182179459080912e-01,7.590571605139139200e-01,7.592961270476537017e-01,7.595351175335249838e-01
7.453821486722970180e-01,7.528086500483816002e-01,7.530410817457078299e-01,7.532735347337365939e-01,7.535060090004164213e-01
7.390872702624936563e-01,7.463204542756664006e-01,7.465468056377707606e-01,7.467731759323419372e-01,7.469995651487191246e-01
7.323756134500382098e-01,7.394278126187321387e-01,7.396484736211820232e-01,7.398691514740606268e-01,7.400898461679511486e-01
7.253130425645651913e-01,7.321954191412112234e-01,7.324107426124256692e-01,7.326260810934402956e-01,7.328414345759474147e-01
7.179571189070171888e-01,7.246797689586826907e-01,7.248900739124678472e-01,7.251003922468917118e-01,7.253107239546339180e-01
7.103581948971742221e-01,7.169302478754469021e-01,7.171358226897975863e-01,7.173414094412198239e-01,7.175470081232703246e-01
7.025603463730420994e-01,7.089900587276279920e-01,7.091911641269981192e-01,7.093922801830311320e-01,7.095934068900618952e-01
6.946021709608674044e-01,7.008970130428183731e-01,7.010938848621727226e-01,7.012907662014240540e-01,7.014876570555961255e-01
6.865174748694774509e-01,6.926842108396957798e-01,6.928770625629474544e-01,6.930699227959499220e-01,6.932627915343368974e-01
6.783358661148263247e-01,6.843806268861092335e-01,6.845696519610150466e-01,6.847586846472621946e-01,6.849477249410234059e-01
6.700832687760729378e-01,6.760116182186586276e-01,6.761969921563153463e-01,6.763823729056011036e-01,6.765677604631650244e-01
6.617823702085403603e-01,6.675993649729677903e-01,6.677812472437378855e-01,6.679631356136781495e-01,6.681450300798577047e-01
6.534530110250950097e-01,6.591632544058630971e-01,6.593417901455943531e-01,6.595203313492308261e-01,6.596988780142117870e-01
6.451125259777594767e-01,6.507202162737054651e-01,6.508955378150078630e-01,6.510708642532905266e-01,6.512461955863186880e-01
6.367760425275751368e-01,6.422850163621740549e-01,6.424572446056557862e-01,6.426294772397318500e-01,6.428017142624543601e-01
6.284567428078441376e-01,6.338705138633470293e-01,6.340397595033508971e-01,6.342090090812215752e-01,6.343782625952638643e-01
6.201660938065454154e-01,6.254878874061077232e-01,6.256542520248120631e-01,6.258206201762414045e-01,6.259869918589219262e-01
6.119140498741167944e-01,6.171468338200755133e-01,6.173104108629666742e-01,6.174739910756620320e-01,6.176375744568820547e-01
6.037092310693148445e-01,6.088557431165178002e-01,6.090166187612875426e-01,6.091774972504203634e-01,6.093383785828074828e-01
5.955590803627033303e-01,6.006218526752932219e-01,6.007801066052308459e-01,6.009383630873780247e-01,6.010966221207751925e-01
5.874700023045326125e-01,5.924513832142032088e-01,5.926070893061771150e-01,5.927627976877853921e-01,5.929185083581987037e-01
5.794474854159143984e-01,5.843496587702567968e-01,5.845028857064381578e-01,5.846561146959742272e-01,5.848093457381497995e-01
5.714962102671948818e-01,5.763212126288868031e-01,5.764720244404809568e-01,5.766228380925396690e-01,5.767736535844470991e-01
5.636201449558191356e-01,5.683698808873831609e-01,5.685183374378045551e-01,5.686667956366159293e-01,5.688152554832878183e-01
5.558226294802581791e-01,5.604988851250698456e-01,5.606450425392316417e-01,5.607912014282444568e-01,5.609373617916539878e-01
5.481064503207728755e-01,5.527109054689722800e-01,5.528548165146638382e-01,5.529987288781825772e-01,5.531426425591391416e-01
5.404739063770988006e-01,5.450081451850137260e-01,5.451498596117007045e-01,5.452915752139153582e-01,5.454332919913249533e-01
5.329268672736831025e-01,5.373923877872174293e-01,5.375319526270257997e-01,5.376715185131994978e-01,5.378110854454540846e-01
5.254668249216889464e-01,5.298650475377614244e-01,5.300025073728867886e-01,5.301399681369441952e-01,5.302774298296909494e-01
5.180949391210061261e-01,5.224272141064078001e-01,5.225626113067256551e-01,5.226980093290228835e-01,5.228334081730927618e-01
5.108120778927834893e-01,5.150796920666319556e-01,5.152130670008667757e-01,5.153464426595014691e-01,5.154798190423598436e-01
5.036188531517169498e-01,5.078230358258843946e-01,5.079544270493224767e-01,5.080858189079711096e-01,5.082172114016795250e-01
4.965156522559591168e-01,5.006575805173111293e-01,5.007870249387073036e-01,5.009164699136421373e-01,5.010459154419869554e-01
4.895026659097618804e-01,4.935834693186468836e-01,4.937110023486792065e-01,4.938385358573216810e-01,4.939660698444636733e-01
4.825799128387167625e-01,4.866006776097754893e-01,4.867263332931369701e-01,4.868519893862351955e-01,4.869776458889747972e-01
4.757472616087790040e-01,4.797090343326933515e-01,4.798328454656732300e-01,4.799566569449607578e-01,4.800804687704728346e-01
4.690044499173232628e-01,4.729082408755014288e-01,4.730302391107004678e-01,4.731522376336790847e-01,4.732742364443642824e-01
4.623511016465853274e-01,4.661978877648951247e-01,4.663181037045319721e-01,4.664383198778388473e-01,4.665585362847507467e-01
4.557867419363834105e-01,4.595774694188183296e-01,4.596959326979200289e-01,4.598143961605714036e-01,4.599328598067135010e-01
4.493108105034426814e-01,4.530463971819669311e-01,4.531631365425887736e-01,4.532798760402471649e-01,4.533966156748876486e-01
4.429226734085171535e-01,4.466040108412179244e-01,4.467190541987085539e-01,4.468340976499898254e-01,4.469491411950103910e-01
4.366216334493940865e-01,4.402495887954174791e-01,4.403629632976291397e-01,4.404763378533498308e-01,4.405897124625305361e-01
4.304069393374289065e-01,4.339823570339375602e-01,4.340940891141791824e-01,4.342058212103431236e-01,4.343175533223812557e-01
4.242777937971800029e-01,4.278014970606978107e-01,4.279116124851383707e-01,4.280217278903686862e-01,4.281318432763407955e-01
4.182333607127137198e-01,4.217061528846774432e-01,4.218146767948255382e-01,4.219232006528703671e-01,4.220317244587633576e-01
4.122727714299929680e-01,4.156954371840738127e-01,4.158023941348886199e-01,4.159093510027550011e-01,4.160163077876233850e-01
4.063951303122285696e-01,4.097684367389865523e-01,4.098738507331122216e-01,4.099792646153213038e-01,4.100846783855623401e-01
4.005995196339840470e-01,4.039242172166450096e-01,4.040281117352048090e-01,4.041320061146034259e-01,4.042359003547872920e-01
3.948850038899989756e-01,3.981618273835745847e-01,3.982642254139099891e-01,3.983666232794261797e-01,3.984690209800671457e-01
3.892506335860038136e-01,3.924803028105818270e-01,3.925812268712795539e-01,3.926821507429640312e-01,3.927830744255762507e-01
3.836954485711002172e-01,3.868786691288992885e-01,3.869781412924097053e-01,3.870776132440663098e-01,3.871770849838072071e-01
3.782184809644609791e-01,3.813559448891531978e-01,3.814539868022679414e-01,3.815520284819431951e-01,3.816500699281136777e-01
3.728187577230708816e-01,3.759111440689052452e-01,3.760077769713330853e-01,3.761044096199014364e-01,3.762010420145416867e-01
3.674953028918801490e-01,3.705432782692837934e-01,3.706385230105352369e-01,3.707337674785929904e-01,3.708290116733848341e-01
3.622471395730101906e-01,3.652513586365844778e-01,3.653452356913526322e-01,3.654391124546061409e-01,3.655329889262693421e-01
3.570732916464574580e-01,3.600343975406128383e-01,3.601269270228152908e-01,3.602194561961305497e-01,3.603119850604790120e-01
3.519727852710284877e-01,3.548914100379056413e-01,3.549826117135355674e-01,3.550738130637948187e-01,3.551650140886000728e-01
3.469446501909507208e-01,3.498214151447473497e-01,3.499113084436630827e-01,3.500012014015602135e-01,3.500910940183517561e-01
3.419879208706906870e-01,3.448234369420462020e-01,3.449120409688147815e-01,3.450006446397039794e-01,3.450892479546231462e-01
3.371016374779321478e-01,3.398965055316064410e-01,3.399838390755041129e-01,3.400711722494044187e-01,3.401585050532132115e-01
3.322848467323820665e-01,3.350396578610988496e-01,3.351257394053583361e-01,3.352118205662051875e-01,3.352979013435414823e-01
3.275366026360481686e-01,3.302519384330478425e-01,3.303367861634334268e-01,3.304216334976569081e-01,3.305064804356167008e-01
3.228559670988412900e-01,3.255323999113986511e-01,3.256160317241803548e-01,3.256996631286823707e-01,3.257832941247997272e-01
3.182420104717665343e-01,3.208801036376761062e-01,3.209625371470654631e-01,3.210449702366587887e-01,3.211274029063476698e-01
3.136938119985633877e-01,3.162941200673657360e-01,3.163753726124705623e-01,3.164566247268356114e-01,3.165378764103491394e-01
3.092104601954083209e-01,3.117735291359333138e-01,3.118536177872799353e-01,3.119337059974894855e-01,3.120137937664468897e-01
3.047910531671913503e-01,3.073174205628149691e-01,3.073963621284829806e-01,3.074753032431387090e-01,3.075542439066639155e-01
3.004346988679018060e-01,3.029248941007562368e-01,3.030027051321644849e-01,3.030805157031848385e-01,3.031583258136960057e-01
2.961405153117921962e-01,2.985950597370304882e-01,2.986717565344091940e-01,2.987484528625032332e-01,2.988251487211882051e-01
2.919076307412247773e-01,2.943270378523162312e-01,2.944026364698963949e-01,2.944782346097541970e-01,2.945538322717624613e-01
2.877351837564245396e-01,2.901199593423498535e-01,2.901944755932965303e-01,2.902689913585244086e-01,2.903435066379032592e-01
2.836223234117644654e-01,2.859729657068800779e-01,2.860464151679953382e-01,2.861198641358191352e-01,2.861933126102187419e-01
2.795682092826732856e-01,2.818852091099314228e-01,2.819576071261467032e-01,2.820300046419061402e-01,2.821024016570741755e-01
2.755720115067873954e-01,2.778558524149192799e-01,2.779272141035986077e-01,2.779985752850505087e-01,2.780699359591369824e-01
2.716329108025494210e-01,2.738840691977545982e-01,2.739544094528235663e-01,2.740247491942722768e-01,2.740950884219605088e-01
2.677500984680872831e-01,2.699690437407094579e-01,2.700383772366268254e-01,2.701077102128965901e-01,2.701770426693761440e-01
2.639227763628791967e-01,2.661099710094984028e-01,2.661783122050832007e-01,2.662466528753456574e-01,2.663149930201408888e-01
2.601501568744211679e-01,2.623060566157437434e-01,2.623734197578698191e-01,2.624407823693393760e-01,2.625081444500054206e-01
2.564314628718559752e-01,2.585565167667424058e-01,2.586229158939115091e-01,2.586893144854189308e-01,2.587557125411157899e-01
2.527659276482954742e-01,2.548605782042299150e-01,2.549260271500326525e-01,2.549914755554868462e-01,2.550569234204414504e-01
2.491527948533669712e-01,2.512174781336387053e-01,2.512819905301122980e-01,2.513465023818579058e-01,2.514110136887227620e-01
2.455913184173356967e-01,2.476264641451748072e-01,2.476900534260643438e-01,2.477536421581442438e-01,2.478172303412599642e-01
2.420807624679976733e-01,2.440867941278803410e-01,2.441494735318118503e-01,2.442121523831400354e-01,2.442748306817086879e-01
2.386204012413980780e-01,2.405977361777150159e-01,2.406595187512849954e-01,2.407213007687367123e-01,2.407830822299124318e-01
2.352095189873050773e-01,2.371585685005663802e-01,2.372194671013539424e-01,2.372803651427783100e-01,2.373412626246802770e-01
2.318474098702608677e-01,2.337685793109916532e-01,2.338286066104984517e-01,2.338886333476584978e-01,2.339486595223111698e-01
2.285333778669341454e-01,2.304270667274009310e-01,2.304862352139225024e-01,2.305454031353669220e-01,2.306045704915722361e-01
2.252667366604119148e-01,2.271333386643042407e-01,2.271916606457373422e-01,2.272499820596080855e-01,2.273083029057532956e-01
2.220468095319932111e-01,2.238867127221734477e-01,2.239442003287626104e-01,2.240016873655417406e-01,2.240591738323465809e-01
2.188729292509797031e-01,2.206865160754018784e-01,2.207431812624285894e-01,2.207998458776277706e-01,2.208565099208339988e-01
2.157444379628983555e-01,2.175320853587883185e-01,2.175879399092055522e-01,2.176437938860005805e-01,2.176996472890070644e-01
2.126606870765391788e-01,2.144227665529181148e-01,2.144778220799327673e-01,2.145328770317465605e-01,2.145879314081922395e-01
2.096210371501435743e-01,2.113579148687703135e-01,2.114121828183762875e-01,2.114664501914119143e-01,2.115207169877090787e-01
2.066248577770386508e-01,2.083368946318385484e-01,2.083903862853020705e-01,2.084438773610284568e-01,2.084973678588487589e-01
2.036715274709751944e-01,2.053590791660176995e-01,2.054118056423173966e-01,2.054645315399093453e-01,2.055172568586239590e-01
2.007604335513957505e-01,2.024238506774768132e-01,2.024758229356997397e-01,2.025277946144344865e-01,2.025797657135107455e-01
1.978909720288295204e-01,1.995306001387105177e-01,1.995818289804063284e-01,1.996330572420175753e-01,1.996842849233733952e-01
1.950625474905867407e-01,1.966787271729369957e-01,1.967292232444313727e-01,1.967797187354230481e-01,1.968302136457406315e-01
1.922745729869017595e-01,1.938676399389882843e-01,1.939174137336570625e-01,1.939671869475775579e-01,1.940169595805779079e-01
1.895264699176554546e-01,1.910967550168191920e-01,1.911458168773245425e-01,1.911948781570030342e-01,1.912439388556823883e-01
1.868176679197885992e-01,1.883654972937447158e-01,1.884138574142343869e-01,1.884622169539802716e-01,1.885105759128097302e-01
1.841476047555040962e-01,1.856732998514996902e-01,1.857209682797705819e-01,1.857686361275371068e-01,1.858163033946263754e-01
1.815157262013410711e-01,1.830196038542023784e-01,1.830665904938291733e-01,1.831135765533423165e-01,1.831605620325686967e-01
1.789214859381924594e-01,1.804038584372906484e-01,1.804501730497207190e-01,1.804964870825741807e-01,1.805428005356777277e-01
1.763643454423265700e-01,1.778255205974899056e-01,1.778711728041051932e-01,1.779168244318223291e-01,1.779624754804678133e-01
1.738437738774645802e-01,1.752840550838623834e-01,1.753290543680089686e-01,1.753740530740725279e-01,1.754190512018795889e-01
1.713592479879567643e-01,1.727789342899793135e-01,1.728232899989656512e-01,1.728676451308162332e-01,1.729119996853575314e-01
1.689102519930932023e-01,1.703096381472503917e-01,1.703533594943148211e-01,1.703970802653183847e-01,1.704408004600875826e-01
1.664962774825787806e-01,1.678756540194390467e-01,1.679187500856872128e-01,1.679618455770726659e-01,1.680049404934218782e-01
1.641168233131962417e-01,1.654764765983855745e-01,1.655189563346985138e-01,1.655614354974657976e-01,1.656039140865140646e-01
1.617713955066756304e-01,1.631116078009566261e-01,1.631534800298699017e-01,1.631953516866693765e-01,1.632372227711818835e-01
1.594595071487852900e-01,1.607805566672338982e-01,1.608218300847886195e-01,1.608631029317721672e-01,1.609043752080115131e-01
1.571806782896543186e-01,1.584828392599522129e-01,1.585235224375182994e-01,1.585642050461626429e-01,1.586048870857123816e-01
1.549344358453343951e-01,1.562179785651933717e-01,1.562580799512657825e-01,1.562981807701687431e-01,1.563382810217296970e-01
1.527203135006045820e-01,1.539855043943392510e-01,1.540250323163073476e-01,1.540645596729574296e-01,1.541040864641173014e-01
1.505378516130213284e-01,1.517849532872851959e-01,1.518239159531760696e-01,1.518628780556958713e-01,1.519018395946727384e-01
1.483865971182128374e-01,1.496158684169127118e-01,1.496542739171087821e-01,1.496926788559726773e-01,1.497310832333328123e-01
1.462661034364151624e-01,1.474777994948182902e-01,1.475156558037496457e-01,1.475535115534760411e-01,1.475913667438263910e-01
1.441759303802461478e-01,1.453703026782935392e-01,1.454076176561053257e-01,1.454449320769244380e-01,1.454822459405801793e-01
1.421156440637110496e-01,1.432929404785505401e-01,1.433297218727461186e-01,1.433665027122429658e-01,1.434032829968708567e-01
1.400848168124329274e-01,1.412452816701848524e-01,1.412815371172447820e-01,1.413177920119783604e-01,1.413540463542159176e-01
1.380830270750997846e-01,1.392269012018678420e-01,1.392626382288452702e-01,1.392983747059441113e-01,1.393341106329951118e-01
1.361098593361190490e-01,1.372373801082583389e-01,1.372726061343513271e-01,1.373078316130856291e-01,1.373430565442926021e-01
1.341649040294698170e-01,1.352763054231241047e-01,1.353110277612248058e-01,1.353457495545559996e-01,1.353804708029495985e-01
1.322477574537415934e-01,1.333432700936614534e-01,1.333774959518830017e-01,1.334117212679905018e-01,1.334459460418165044e-01
1.303580216883490350e-01,1.314378728960017284e-01,1.314716093791828411e-01,1.315053453229688696e-01,1.315390807271929474e-01
1.284953045109102909e-01,1.295597183518928108e-01,1.295929724630807134e-01,1.296262260376531417e-01,1.296594790754439508e-01
1.266592193157771162e-01,1.277084166465428383e-01,1.277411952884545954e-01,1.277739733965885249e-01,1.278067509707791205e-01
1.248493850337040745e-01,1.258835835476137255e-01,1.259158935240765054e-01,1.259482029696544214e-01,1.259805118841826888e-01
1.230654260526441446e-01,1.240848403253512339e-01,1.241166883427216733e-01,1.241485358321530313e-01,1.241803827934812310e-01
1.213069721396575346e-01,1.223118136738383516e-01,1.223432063424015198e-01,1.223745984860216823e-01,1.224059901045354976e-01
1.195736583639206568e-01,1.205641356333587016e-01,1.205950794687067895e-01,1.206260227821558118e-01,1.206569655735431762e-01
1.178651250208218176e-01,1.188414435138564068e-01,1.188719449382475424e-01,1.189024458438290438e-01,1.189329462304390961e-01
1.161810175571303255e-01,1.171433798194787129e-01,1.171734451631761820e-01,1.172035099911966222e-01,1.172335743033790512e-01
1.145209864972252245e-01,1.154695921741876741e-01,1.154992276767798365e-01,1.155288626668685287e-01,1.155584971442935871e-01
1.128846873703705789e-01,1.138197332484275209e-01,1.138489450601286868e-01,1.138781563625387017e-01,1.139073671554982625e-01
1.112717806390233904e-01,1.121934606868335293e-01,1.122222548697661276e-01,1.122510485466565594e-01,1.122798417173463265e-01
1.096819316281608808e-01,1.105904370369692052e-01,1.106188195664274954e-01,1.106472015931271313e-01,1.106755831169105031e-01
1.081148104556136080e-01,1.090103296790779358e-01,1.090383064447734696e-01,1.090662827110264188e-01,1.090942584776800617e-01
1.065700919633909699e-01,1.074528107568354651e-01,1.074803875641246742e-01,1.075079638753179828e-01,1.075355396902595295e-01
1.050474556499858825e-01,1.059175571090900797e-01,1.059447396801842106e-01,1.059719217585577827e-01,1.059991033440558644e-01
1.035465856036451443e-01,1.044042502025766400e-01,1.044310441777342030e-01,1.044578376635734163e-01,1.044846306599402502e-01
1.020671704365926774e-01,1.029125760655915239e-01,1.029389870042937277e-01,1.029653974571048125e-01,1.029918074238716785e-01
1.006089032201923222e-01,1.014422252226152704e-01,1.014682586047244289e-01,1.014942915043929722e-01,1.015203239214687581e-01
9.917148142103734965e-02,9.999289262986964244e-02,1.000185538567709836e-01,1.000442146047038211e-01,1.000698748735169424e-01
9.775460683795382522e-02,9.856427761179639702e-02,9.858957200752346828e-02,9.861486592777406190e-02,9.864015937239792309e-02
9.635798553990525261e-02,9.715608379844484221e-02,9.718101661078870634e-02,9.720594895116643763e-02,9.723088081942875271e-02
9.498132780478581172e-02,9.576801906375556617e-02,9.579259546535807968e-02,9.581717139852156950e-02,9.584174686309772373e-02
9.362434805908982638e-02,9.439979546472768157e-02,9.442402055415906326e-02,9.444824517869376823e-02,9.447246933818448378e-02
9.228676481844519386e-02,9.305112918145734546e-02,9.307500798427825739e-02,9.309888632575860634e-02,9.312276420575210656e-02
9.096830062899852187e-02,9.172174045803525855e-02,9.174527792784360758e-02,9.176881493987988636e-02,9.179235149399876670e-02
8.966868200964017710e-02,9.041135354429082061e-02,9.043455456375358581e-02,9.045775512902369531e-02,9.048095523995687561e-02
8.838763939505712985e-02,8.911969663837136790e-02,8.914256602024152321e-02,8.916543495150809628e-02,8.918830343202777122e-02
8.712490707960214575e-02,8.784650183014434954e-02,8.786904431826327022e-02,8.789158635937595332e-02,8.791412795334009600e-02
8.588022316196750050e-02,8.659150504541089644e-02,8.661372531569627720e-02,8.663594514257980106e-02,8.665816452592020602e-02
8.465332949065200452e-02,8.535444599091927820e-02,8.537634865233892367e-02,8.539825087396689385e-02,8.542015265566300919e-02
8.344397161021001319e-02,8.413506810016686821e-02,8.415665769569848076e-02,8.417824685505324867e-02,8.419983557809200547e-02
8.225189870827119554e-02,8.293311847997937580e-02,8.295439948755657655e-02,8.297568006257521889e-02,8.299696020489717718e-02
8.107686356332022282e-02,8.174834785785625724e-02,8.176932469130100689e-02,8.179030109580782970e-02,8.181127707123964088e-02
7.991862249322541356e-02,8.058051053007145303e-02,8.060118754001305286e-02,8.062186412463864804e-02,8.064254028381219463e-02
7.877693530450581572e-02,7.942936431051855761e-02,7.944974578529957754e-02,7.947012683838670932e-02,7.949050746964496372e-02
7.765156524232599833e-02,7.829467048028994347e-02,7.831476064685899408e-02,7.833485039535546812e-02,7.835493972564543108e-02
7.654227894120825548e-02,7.717619373797922344e-02,7.719599676277094646e-02,7.721579937310965591e-02,7.723560156886245809e-02
7.544884637645202230e-02,7.607370215069665653e-02,7.609322214049922539e-02,7.611274171946556810e-02,7.613226088746387343e-02
7.437104081625017793e-02,7.498696710578758862e-02,7.500620810859751075e-02,7.502544870418438594e-02,7.504468889241741603e-02
7.330863877449250721e-02,7.391576326324345025e-02,7.393472926910833742e-02,7.395369487135877717e-02,7.397266006986506770e-02
7.226141996424634284e-02,7.285986850879573595e-02,7.287856345064479269e-02,7.289725799248264471e-02,7.291595213418061716e-02
7.122916725190464593e-02,7.181906390768300064e-02,7.183749166214574433e-02,7.185591902019425325e-02,7.187434598170094890e-02
7.021166661199219894e-02,7.079313365908133926e-02,7.081129804729444088e-02,7.082946204268325552e-02,7.084762564512125937e-02
6.920870708262004400e-02,6.978186505118866290e-02,6.979976983959126913e-02,6.981767423875172296e-02,6.983557824854458307e-02
6.822008072157940972e-02,6.878504841695361194e-02,6.880269731807125977e-02,6.882034583352034107e-02,6.883799396317648311e-02
6.724558256306552295e-02,6.780247709043975279e-02,6.781987376365700149e-02,6.783727005477001304e-02,6.785466596365544167e-02
6.628501057502239613e-02,6.683394736381581547e-02,6.685109541613783180e-02,6.686824308990994836e-02,6.688539038500988798e-02
6.533816561709990256e-02,6.587925844496335392e-02,6.589616143176653396e-02,6.591306404356350734e-02,6.592996628023305161e-02
6.440485139921389712e-02,6.493821241569255887e-02,6.495487384146435283e-02,6.497153489576235064e-02,6.498819557846639838e-02
6.348487444070124996e-02,6.401061419055767421e-02,6.402703750962589202e-02,6.404346046074080312e-02,6.405988304378332221e-02
6.257804403006077265e-02,6.309627147626357957e-02,6.311246009351509367e-02,6.312864834632130051e-02,6.314483623456415562e-02
6.168417218527200846e-02,6.219499473165462228e-02,6.221095200324389118e-02,6.222690891388276552e-02,6.224286546345423471e-02
6.080307361468340055e-02,6.130659712827785796e-02,6.132232636232519407e-02,6.133805523890340644e-02,6.135378375789652533e-02
5.993456567846157379e-02,6.043089451151199831e-02,6.044639896879184376e-02,6.046190307206966708e-02,6.047740682123053241e-02
5.907846835059395868e-02,5.956770536225422519e-02,5.958298825687356748e-02,5.959827080094328572e-02,5.961355299434951960e-02
5.823460418143650702e-02,5.871685075915675234e-02,5.873191525922375616e-02,5.874697941217838643e-02,5.876204321790780977e-02
5.740279826079888736e-02,5.787815434140522464e-02,5.789300356968834355e-02,5.790785245428068523e-02,5.792270099507045716e-02
5.658287818155929155e-02,5.705144227203123170e-02,5.706607930660879957e-02,5.708071600090109526e-02,5.709535235479735321e-02
5.577467400380141382e-02,5.623654320175126842e-02,5.625097107665179980e-02,5.626539861465602865e-02,5.627982581565423720e-02
5.497801821946584483e-02,5.543328823332442645e-02,5.544750993915771586e-02,5.546173131146675539e-02,5.547595235014283338e-02
5.419274571750876818e-02,5.464151088642160009e-02,5.465552937100080083e-02,5.466954752541045709e-02,5.468356534954288417e-02
5.341869374956053490e-02,5.386104706299871953e-02,5.387486523195345739e-02,5.388868307407563424e-02,5.390250058925860621e-02
5.265570189607689938e-02,5.309173501316674648e-02,5.310535573054742803e-02,5.311897612441448396e-02,5.313259619466227657e-02
5.190361203297589460e-02,5.233341530155134064e-02,5.234684139042487111e-02,5.236026715908528861e-02,5.237369260742795463e-02
5.116226829875342164e-02,5.158593077413526490e-02,5.159916501717212722e-02,5.161239894327764033e-02,5.162563255234817877e-02
5.043151706207052443e-02,5.084912652557635471e-02,5.086217166562931324e-02,5.087521649201362517e-02,5.088826100462669200e-02
4.971120688980578545e-02,5.012284986699443862e-02,5.013570860766893705e-02,5.014856703791815973e-02,5.016142515764048654e-02
4.900118851556591049e-02,4.940695029422040307e-02,4.941962530043676749e-02,4.943229999945159686e-02,4.944497439116424947e-02
4.830131521454832100e-02,4.870127985767600670e-02,4.871377375581791014e-02,4.872626734994637415e-02,4.873876063996177010e-02
4.761144135221388740e-02,4.800569172957149661e-02,4.801800710923923021e-02,4.803032218807684606e-02,4.804263696598569389e-02
4.693142412238021643e-02,4.732004191394236642e-02,4.733218132730940969e-02,4.734432044300984632e-02,4.735645926094599750e-02
4.626112264765658982e-02,4.664418836486580733e-02,4.665615432757747039e-02,4.666811999576551961e-02,4.668008536933324765e-02
4.560039804932675134e-02,4.597799105195053693e-02,4.598978604365761697e-02,4.600158074396328706e-02,4.601337515277181822e-02
4.494911343044618451e-02,4.532131194308278849e-02,4.533293840795842716e-02,4.534456458453384881e-02,4.535619047271429588e-02
4.430713385043349301e-02,4.467401497876938993e-02,4.468547532601753469e-02,4.469693538804544314e-02,4.470839516475932224e-02
4.367432629812115219e-02,4.403596604495270406e-02,4.404726264930903384e-02,4.405855897150373623e-02,4.406985501144396189e-02
4.305055966459567229e-02,4.340703294562021225e-02,4.341816814784586753e-02,4.342930307094695214e-02,4.344043771483155347e-02
4.243570471618771101e-02,4.278708537556765584e-02,4.279806148293580081e-02,4.280903731419472696e-02,4.282001286925345845e-02
4.182963406774709014e-02,4.217599489345091879e-02,4.218681418022634383e-02,4.219763319388604439e-02,4.220845193434000914e-02
4.123222215624587628e-02,4.157363489516918698e-02,4.158429960308101386e-02,4.159496404084866289e-02,4.160562820838302478e-02
4.064334521473097345e-02,4.097988058760083235e-02,4.099039292630846792e-02,4.100090499782137188e-02,4.101141680205135087e-02
4.006288124663653222e-02,4.039460896270248569e-02,4.040497111025487947e-02,4.041533299353976955e-02,4.042569461246989238e-02
3.949071000044785534e-02,3.981769877196206231e-02,3.982791287525036528e-02,3.983812671717609777e-02,3.984834029765291219e-02
3.892671294473171173e-02,3.924903050122215825e-02,3.925909867642590756e-02,3.926916659314964170e-02,3.927923425130791513e-02
3.837077324351029217e-02,3.868848634584892004e-02,3.869841067887586084e-02,3.870833475628285975e-02,3.871825857798538023e-02
3.782277573199484960e-02,3.813595018626456806e-02,3.814573273318411228e-02,3.815551502732125039e-02,3.816529706859233401e-02
3.728260689265971983e-02,3.759130756382249305e-02,3.760095035129300267e-02,3.761059288879602808e-02,3.762023517624882990e-02
3.675015483165904734e-02,3.705444565702804838e-02,3.706395068271797072e-02,3.707345546123268915e-02,3.708295999249032471e-02
3.622530925558252457e-02,3.652525325810138113e-02,3.653462249110436821e-02,3.654399147970172762e-02,3.655336022381244776e-02
3.570796144854179038e-02,3.600362074987335792e-02,3.601285613111743222e-02,3.602209127070270245e-02,3.603132616854903131e-02
3.519800424958619695e-02,3.548944008301389147e-02,3.549854352566472054e-02,3.550764672938078875e-02,3.551674969408284699e-02
3.469533203044138786e-02,3.498260475358551391e-02,3.499157814344391881e-02,3.500055129706882567e-02,3.500952421438184581e-02
3.419984067356581642e-02,3.448300978091765195e-02,3.449185497681142576e-02,3.450069993915016314e-02,3.450954466785630809e-02
3.371142755052364270e-02,3.399055168579991765e-02,3.399927051997001654e-02,3.400798912324071860e-02,3.401670749553530743e-02
3.322999150066596047e-02,3.350512846898628938e-02,3.351372274746750035e-02,3.352231679768212513e-02,3.353091061955428692e-02
3.275543281011789043e-02,3.302663959000764343e-02,3.303511109300374948e-02,3.304358237034327184e-02,3.305205342195117330e-02
3.228765319106629422e-02,3.255498594628742498e-02,3.256333642854104815e-02,3.257168668772529585e-02,3.258003672376593579e-02
3.182655576134602732e-02,3.209006985255848099e-02,3.209830104371560328e-02,3.210653201436775711e-02,3.211476276444154981e-02
3.137204502431698017e-02,3.163179502057288095e-02,3.163990862554211941e-02,3.164802201254804381e-02,3.165613518151807332e-02
3.092402684903005489e-02,3.118006653910319545e-02,3.118806423840995989e-02,3.119606172227233284e-02,3.120405899061852797e-02
3.048240845067708149e-02,3.073479085423005963e-02,3.074267430436559978e-02,3.075055754155297735e-02,3.075844056572119706e-02
3.004709837132238381e-02,3.029587574991379761e-02,3.030364658367928551e-02,3.031141720697017039e-02,3.031918761971625839e-02
2.961800646090765113e-02,2.986323032884141693e-02,2.987089015568705069e-02,2.987854977450903754e-02,2.988620918523796771e-02
2.919504385853252670e-02,2.943676499355190809e-02,2.944431539991120353e-02,2.945186560067523940e-02,2.945941559577539004e-02
2.877812297400050845e-02,2.901639142782879224e-02,2.902383397744803806e-02,2.903127632387791576e-02,2.903871846705055951e-02
2.836715746963135512e-02,2.860202257836158210e-02,2.860935881262461483e-02,2.861669484608171318e-02,2.862403067866578152e-02
2.796206224233291002e-02,2.819357263666869354e-02,2.820080407491698180e-02,2.820803531472038800e-02,2.821526635601257979e-02
2.756275340593031253e-02,2.779095702127994810e-02,2.779808516112810754e-02,2.780521310487012523e-02,2.781234085244042170e-02
2.716914827374761199e-02,2.739409236017350396e-02,2.740111867782029156e-02,2.740814480167743858e-02,2.741517073168010105e-02
2.678116534144191555e-02,2.700289647346765937e-02,2.700982242400250255e-02,2.701674818304203307e-02,2.702367375052215637e-02
2.639872427007927333e-02,2.661728835635599269e-02,2.662411537406112610e-02,2.663094220254319869e-02,2.663776884173883752e-02
2.602174586945628712e-02,2.623718816229063389e-02,2.624391766093891673e-02,2.625064697261438387e-02,2.625737609725438751e-02
2.565015208165964331e-02,2.586251718640528163e-02,2.586915055955373369e-02,2.587578374795770214e-02,2.588241675155525737e-02
2.528386596486038862e-02,2.549319784917487841e-02,2.549973647045401456e-02,2.550627490919517293e-02,2.551281316533714552e-02
2.492281167734254621e-02,2.512915368031172839e-02,2.513559890371074718e-02,2.514204394675656831e-02,2.514848880938869158e-02
2.456691446175870291e-02,2.477030930289029348e-02,2.477666246303818209e-02,2.478301544499602466e-02,2.478936824870402178e-02
2.421610062961170734e-02,2.441659041770008476e-02,2.442285283014269254e-02,2.442911506653687448e-02,2.443537712682352508e-02
2.387029754595953665e-02,2.406792378782359604e-02,2.407409674929673546e-02,2.408026953684164542e-02,2.408644215039990391e-02
2.352943361433727787e-02,2.372423722343300345e-02,2.373032201213164799e-02,2.373640662900093276e-02,2.374249107398312270e-02
2.319343826189809721e-02,2.338545956680793125e-02,2.339145744265154134e-02,2.339745514874345261e-02,2.340345268502659962e-02
2.286224192476490891e-02,2.305152067756543327e-02,2.305743288245948666e-02,2.306334491965839756e-02,2.306925678910578051e-02
2.253577603359143908e-02,2.272235141810114226e-02,2.272817917619492784e-02,2.273400676862914055e-02,2.273983419534805761e-02
2.221397299933324312e-02,2.239788363924235387e-02,2.240362815718304965e-02,2.240937251147887693e-02,2.241511670207476520e-02
2.189676619921948272e-02,2.207805016610319207e-02,2.208371263328633149e-02,2.208937493881855257e-02,2.209503708264542662e-02
2.158408996292628459e-02,2.176278478414322634e-02,2.176836637295955293e-02,2.177394780209826811e-02,2.177952907150559891e-02
2.127587955894939473e-02,2.145202222542706358e-02,2.145752409150585016e-02,2.146302579985982784e-02,2.146852735043585855e-02
2.097207118117169408e-02,2.114569815508038353e-02,2.115112143752927859e-02,2.115654456418578772e-02,2.116196753499739042e-02
2.067260193562169696e-02,2.084374915793841404e-02,2.084909497957985330e-02,2.085444064734105762e-02,2.085978616117013795e-02
2.037740982742367035e-02,2.054611272538786962e-02,2.055138219299207716e-02,2.055665150860807103e-02,2.056192067218457972e-02
2.008643374793376429e-02,2.025272724239622624e-02,2.025792144691091271e-02,2.026311550130939498e-02,2.026830940554101568e-02
1.979961346206060915e-02,1.996353197472714239e-02,1.996865199150387252e-02,1.997377186001653843e-02,1.997889158021509334e-02
1.951688959576632076e-02,1.967846705633762364e-02,1.968351394535497803e-02,1.968856068794066702e-02,1.969360728404524058e-02
1.923820362374875290e-02,1.939747347695814500e-02,1.940244828304166572e-02,1.940742294450630706e-02,1.941239746130321575e-02
1.896349785729964724e-02,1.912049306985005512e-02,1.912539682288904447e-02,1.913030043310246647e-02,1.913520390044205766e-02
1.869271543233446548e-02,1.884746849973591501e-02,1.885230221489712921e-02,1.885713578900674939e-02,1.886196922201709147e-02
1.842580029759656110e-02,1.857834325090592514e-02,1.858310792884420790e-02,1.858787246748566657e-02,1.859263686678318955e-02
1.816269720302855425e-02,1.831306161549270395e-02,1.831775824255859816e-02,1.832245473206337363e-02,1.832715108396049120e-02
1.790335168831149598e-02,1.805156868191541003e-02,1.805619823035981009e-02,1.806082764295986742e-02,1.806545691966961187e-02
1.764771007156616667e-02,1.779381032348717820e-02,1.779837375166302971e-02,1.780293704569253094e-02,1.780750020553027030e-02
1.739571943821818095e-02,1.753973318718789892e-02,1.754423143974902927e-02,1.754872955984315350e-02,1.755322754742541166e-02
1.714732763002264904e-02,1.728928468259781706e-02,1.729371869069490711e-02,1.729815256798582918e-02,1.730258631442627149e-02
1.690248323424389451e-02,1.704241297098737368e-02,1.704678365246112270e-02,1.705115420477118157e-02,1.705552462787377974e-02
1.666113557299243875e-02,1.679906695456578891e-02,1.680337521413732826e-02,1.680768334616943027e-02,1.681199135061885869e-02
1.642323469271289929e-02,1.655919626588165869e-02,1.656344299534021069e-02,1.656768959886550582e-02,1.657193607641482824e-02
1.618873135382428372e-02,1.632275125737737281e-02,1.632693733576525211e-02,1.633112328980811101e-02,1.633530911946376452e-02
1.595757702050651372e-02,1.608968299109078334e-02,1.609380928488572671e-02,1.609793545590609831e-02,1.610206150411023010e-02
1.572972385063448747e-02,1.585994322850580590e-02,1.586401059180070003e-02,1.586807783387382195e-02,1.587214495468402056e-02
1.550512468585713358e-02,1.563348442054920268e-02,1.563749369522924454e-02,1.564150285022281039e-02,1.564551188548925567e-02
1.528373304181630289e-02,1.541025969772820067e-02,1.541421171364550612e-02,1.541816361139427584e-02,1.542211539093436487e-02
1.506550309850698127e-02,1.519022286041078924e-02,1.519411843555651398e-02,1.519801389403442789e-02,1.520190923580488386e-02
1.485038969077549960e-02,1.497332836924506784e-02,1.497716830991905994e-02,1.498100813540889469e-02,1.498484784567542111e-02
1.463834829895446776e-02,1.475953133571654419e-02,1.476331643669456274e-02,1.476710142395515693e-02,1.477088629745965977e-02
1.442933503962977489e-02,1.454878751283841636e-02,1.455251855753696318e-02,1.455624948996803864e-02,1.455998031009345973e-02
1.422330665654223357e-02,1.434105328597783981e-02,1.434473104661662668e-02,1.434840869642126440e-02,1.435208623535404356e-02
1.402022051161717388e-02,1.413628566381099592e-02,1.413991090157308908e-02,1.414353602991786675e-02,1.414716104880808616e-02
1.382003457612451976e-02,1.393444226940993014e-02,1.393801573459959621e-02,1.394158909177243416e-02,1.394516234089167306e-02
1.362270742196372043e-02,1.373548133145507943e-02,1.373900376365337628e-02,1.374252608921913872e-02,1.374604830811605033e-02
1.342819821307482918e-02,1.353936167557518756e-02,1.354283380379332768e-02,1.354630582674717053e-02,1.354977774440085762e-02
1.323646669697181415e-02,1.334604271581032141e-02,1.334946525864083404e-02,1.335288769755938083e-02,1.335631003253055435e-02
1.304747319639662680e-02,1.315548444619668925e-02,1.315885811196242962e-02,1.316223167515277043e-02,1.316560513573274832e-02
1.286117860109401746e-02,1.296764743247327475e-02,1.297097291937428579e-02,1.297429830502084408e-02,1.297762358937842690e-02
1.267754435970238486e-02,1.278249280390533239e-02,1.278577080016361257e-02,1.278904869647291311e-02,1.279232649279914494e-02
1.249653247176337086e-02,1.259998224522783719e-02,1.260321342923003893e-02,1.260644451457340262e-02,1.260967550122426596e-02
1.231810547984248279e-02,1.242007798870058306e-02,1.242326302913866233e-02,1.242644797219285245e-02,1.242963281782991959e-02
1.214222646176500199e-02,1.224274280627978169e-02,1.224588236228963366e-02,1.224902182217550185e-02,1.225216118590457225e-02
1.196885902296202127e-02,1.206794000190058481e-02,1.207103472319870190e-02,1.207412934961783410e-02,1.207722388112558547e-02
1.179796728892618107e-02,1.189563340387024028e-02,1.189868393088840126e-02,1.190173436425781897e-02,1.190478470394650684e-02
1.162951589777554834e-02,1.172578735737029101e-02,1.172879432138834201e-02,1.173180119297326587e-02,1.173480797209348891e-02
1.146346999292358927e-02,1.155836671706573539e-02,1.156133074034244521e-02,1.156429467238717299e-02,1.156725851316873881e-02
1.129979521585442771e-02,1.139333683982037167e-02,1.139625853572244149e-02,1.139918014157932993e-02,1.140210165736025780e-02
1.113845769900139761e-02,1.123066357751627969e-02,1.123354355064548268e-02,1.123642343490210971e-02,1.123930323025577188e-02
1.097942405872720864e-02,1.107031326997575012e-02,1.107315211629426345e-02,1.107599087489874803e-02,1.107882954575920009e-02
1.082266138840507624e-02,1.091225273798503669e-02,1.091505104493897989e-02,1.091784926532351867e-02,1.092064739910903609e-02
1.066813725159837870e-02,1.075644927641743187e-02,1.075920762305863226e-02,1.076196588426127018e-02,1.076472405999611207e-02
1.051581967533854467e-02,1.060287064745542816e-02,1.060558960456144464e-02,1.060830847734610047e-02,1.061102726578053157e-02
1.036567714349821354e-02,1.045148507390886508e-02,1.045416520410129800e-02,1.045684525107606379e-02,1.045952521480466614e-02
1.021767859026070056e-02,1.030226123263031958e-02,1.030490309049142406e-02,1.030754486622518021e-02,1.031018655980346470e-02
1.007179339368081267e-02,1.015516824802239343e-02,1.015777238021002213e-02,1.016037643134738884e-02,1.016298040140673278e-02
9.927991369339708716e-03,1.001017568564004784e-02,1.001274263100095444e-02,1.001530949637558475e-02,1.001787628173653535e-02
9.786242764089849236e-03,9.867253545883650223e-03,9.869783835565163962e-03,9.872314046311423535e-03,9.874844178095374195e-03
9.646518249889008551e-03,9.726372257781822420e-03,9.728866415341933666e-03,9.731360495004977643e-03,9.733854496744250018e-03
9.508788917723635589e-03,9.587502672864456343e-03,9.589961214380318330e-03,9.592419679024601770e-03,9.594878066770945804e-03
9.373026271617890953e-03,9.450616059122018270e-03,9.453039493296903212e-03,9.455462851613128522e-03,9.457886134044675083e-03
9.239202222728937902e-03,9.315684095051885924e-03,9.318072923320604162e-03,9.320461676731141981e-03,9.322850355257820271e-03
9.107289083527494999e-03,9.182678863790681018e-03,9.185033580423492688e-03,9.187388223186300495e-03,9.189742792053756659e-03
8.977259562060033518e-03,9.051572847328810331e-03,9.053893939533853852e-03,9.056214958844895774e-03,9.058535905236914446e-03
8.849086756294520864e-03,8.922338920809380278e-03,8.924626868833640189e-03,8.926914744927846174e-03,8.929202549067306177e-03
8.722744148546526799e-03,8.794950346908067540e-03,8.797205624136879981e-03,8.799460830387670351e-03,8.801715965636067521e-03
8.598205599984648159e-03,8.669380770292960461e-03,8.671603843348111781e-03,8.673826846365480236e-03,8.676049779321010416e-03
8.475445345215621568e-03,8.545604212164803135e-03,8.547795541001221645e-03,8.549986800728427011e-03,8.552177991322677808e-03
8.354437986945606118e-03,8.423595064873974983e-03,8.425755102875027991e-03,8.427915072683899930e-03,8.430074974277156422e-03
8.235158490718737581e-03,8.303328086615428816e-03,8.305457280686873514e-03,8.307586407471749534e-03,8.309715466946929543e-03
8.117582179730672975e-03,8.184778396199235070e-03,8.186877186861811137e-03,8.188975911132139601e-03,8.191074568987393237e-03
8.001684729716670996e-03,8.067921467896293358e-03,8.069990289376998902e-03,8.072059045348604564e-03,8.074127735788586696e-03
7.887442163911823068e-03,7.952733126356711577e-03,7.954772406678769364e-03,7.956811622363828274e-03,7.958850773389659558e-03
7.774830848084623297e-03,7.839189541602275060e-03,7.841199702673809849e-03,7.843209799969523208e-03,7.845219833467474355e-03
7.663827485640804273e-03,7.727267224089629134e-03,7.729248681791087323e-03,7.731230076567091603e-03,7.733211408395989153e-03
7.554409112797273902e-03,7.616943019844222770e-03,7.618896184114525710e-03,7.620849286299053761e-03,7.622802326376440334e-03
7.446553093825582573e-03,7.508194105664347216e-03,7.510119380585824136e-03,7.512044594250635518e-03,7.513969746637695797e-03
7.340237116362855439e-03,7.400997984393174918e-03,7.402895768275272008e-03,7.404793491719362936e-03,7.406691154704639693e-03
7.235439186789939178e-03,7.295332480258584495e-03,7.297203165720385701e-03,7.299073791552504638e-03,7.300944357734405650e-03
7.132137625675739716e-03,7.191175734279729205e-03,7.193019708331289605e-03,7.194863623551270640e-03,7.196707479919407270e-03
7.030311063287018880e-03,7.088506199739627242e-03,7.090323843862145030e-03,7.092141429941081592e-03,7.093958957956439902e-03
6.929938435161885762e-03,6.987302637721931609e-03,6.989094327946774286e-03,6.990885960906041870e-03,6.992677536580002746e-03
6.830998977746701763e-03,6.887544112711657500e-03,6.889310219698254432e-03,6.891076270187405754e-03,6.892842264159638327e-03
6.733472224095961300e-03,6.789209988259444807e-03,6.790950877372071287e-03,6.792691710745613412e-03,6.794432488360856517e-03
6.637337999632740397e-03,6.692279922706816965e-03,6.693995954090273259e-03,6.695711930483350983e-03,6.697427851867092212e-03
6.542576417970675899e-03,6.596733864973560249e-03,6.598425393627774249e-03,6.600116868030771015e-03,6.601808288163842423e-03
6.449167876794988617e-03,6.502552050404572861e-03,6.504219426258130675e-03,6.505886748590195695e-03,6.507554017382307862e-03
6.357093053803013552e-03,6.409714996676761471e-03,6.411358564659389372e-03,6.413002079840921313e-03,6.414645542203141829e-03
6.266332902702357634e-03,6.318203499764011959e-03,6.319823599878020975e-03,6.321443647902110809e-03,6.323063643818307121e-03
6.176868649266408287e-03,6.227998629960001045e-03,6.229595597350710660e-03,6.231192513353561897e-03,6.232789377950818943e-03
6.088681787446290766e-03,6.139081727957920731e-03,6.140655892983071240e-03,6.142230007313414890e-03,6.143804070931453525e-03
6.001754075538633278e-03,6.051434400986491907e-03,6.052986089284668851e-03,6.054537727572186119e-03,6.056089315831778876e-03
5.916067532407589917e-03,5.965038519000639972e-03,5.966568051558717584e-03,5.968097534781482451e-03,5.969626968651897854e-03
5.831604433761599336e-03,5.879876210927423991e-03,5.881383904147045871e-03,5.882891548698001433e-03,5.884399144563483806e-03
5.748347308482614458e-03,5.795929860964801200e-03,5.797416026727906027e-03,5.798902144480396273e-03,5.800388214205687981e-03
5.666278935008459833e-03,5.713182104934027422e-03,5.714647050667442246e-03,5.716111949039798419e-03,5.717576800034731427e-03
5.585382337766661709e-03,5.631615826683910968e-03,5.633059855423020769e-03,5.634503837442229185e-03,5.635947772725392879e-03
5.505640783659353568e-03,5.551214154546593900e-03,5.552637564998094341e-03,5.554060929362555216e-03,5.555484247624047425e-03
5.427037778598303025e-03,5.471960457843844106e-03,5.473363544447605242e-03,5.474766585588988592e-03,5.476169581252278429e-03
5.349557064089476358e-03,5.393838343443308272e-03,5.395221396433349213e-03,5.396604404577570388e-03,5.397987367860467706e-03
5.273182613866820613e-03,5.316831652364418723e-03,5.318194957829006260e-03,5.319558219056328037e-03,5.320921436031087262e-03
5.197898630573636984e-03,5.240924456432223717e-03,5.242268296373122673e-03,5.243612092677397800e-03,5.244955845329957005e-03
5.123689542491691173e-03,5.166101054979408379e-03,5.167425707370273263e-03,5.168750316717339588e-03,5.170074883005718221e-03
5.050540000317208129e-03,5.092345971595566012e-03,5.093651710439505223e-03,5.094957406824748153e-03,5.096263060736604296e-03
4.978434873982774504e-03,5.019643950922761388e-03,5.020931046309073942e-03,5.022218099814160577e-03,5.023505111423528548e-03
4.907359249524611070e-03,4.947979955496823942e-03,4.949248673656926091e-03,4.950517350505734444e-03,4.951785986028951411e-03
4.837298425994857737e-03,4.877339162634054294e-03,4.878589765996609907e-03,4.879840328610354078e-03,4.881090850461181768e-03
4.768237912417963055e-03,4.807706961362391736e-03,4.808939708607647308e-03,4.810172415659215960e-03,4.811405082503181739e-03
4.700163424790386284e-03,4.739068949396236033e-03,4.740284095509586341e-03,4.741499201977103159e-03,4.742714268785058751e-03
4.633060883123392600e-03,4.671410930154741396e-03,4.672608726479522342e-03,4.673806483699142339e-03,4.675004201800059267e-03
4.566916408528110503e-03,4.604718909822718732e-03,4.605899604112252514e-03,4.607080259830202869e-03,4.608260876963208956e-03
4.501716320342151467e-03,4.538979094453434934e-03,4.540142930922324085e-03,4.541306729346198182e-03,4.542470489711878529e-03
4.437447133297417121e-03,4.474177887112949260e-03,4.475325106487642104e-03,4.476472288336965852e-03,4.477619432647917883e-03
4.374095554728571825e-03,4.410301885065468115e-03,4.411432724634100841e-03,4.412563527190169546e-03,4.413694292720849420e-03
4.311648481820749487e-03,4.347337876998206424e-03,4.348452570659726985e-03,4.349567227814735322e-03,4.350681848450580098e-03
4.250092998897453053e-03,4.285272840286841536e-03,4.286371618599441394e-03,4.287470360904907345e-03,4.288569067190758921e-03
4.189416374746815670e-03,4.224093938299615034e-03,4.225177028528458341e-03,4.226260083242955844e-03,4.227343102430796210e-03
4.129606059985813267e-03,4.163788517739678251e-03,4.164856143903954491e-03,4.165923735040163479e-03,4.166991291136160416e-03
4.070649684462858756e-03,4.104344106026191520e-03,4.105396488945494207e-03,4.106448837316578442e-03,4.107501151127465090e-03
4.012535054696980685e-03,4.045748408712269810e-03,4.046785766052311654e-03,4.047823089317633891e-03,4.048860378496419582e-03
3.955250151353514355e-03,3.987989306939736592e-03,3.989011853257411547e-03,3.990034365967594712e-03,3.991056845058629614e-03
3.898783126756410772e-03,3.931054854930849871e-03,3.932062801718649858e-03,3.933070715359992045e-03,3.934078595843376949e-03
3.843122302435778709e-03,3.874933277515503743e-03,3.875926833245302641e-03,3.876920356283560659e-03,3.877913846618934440e-03
3.788256166710470343e-03,3.819612967693785787e-03,3.820592337859996315e-03,3.821571675783540841e-03,3.822550981453231266e-03
3.734173372305109404e-03,3.765082484233247141e-03,3.766047871395358012e-03,3.767013226757713346e-03,3.767978550309276399e-03
3.680862734001594770e-03,3.711330549300967657e-03,3.712282153125478785e-03,3.713233725587252419e-03,3.714185266675403170e-03
3.628313226323808850e-03,3.658346046129062629e-03,3.659284063430814915e-03,3.660222049801031222e-03,3.661160005228973179e-03
3.576513981255553722e-03,3.606118016713716953e-03,3.607042641496634866e-03,3.607967235773472912e-03,3.608891799533638436e-03
3.525454285990998592e-03,3.554635659546982566e-03,3.555547083044233430e-03,3.556458476455187125e-03,3.557369839769395411e-03
3.475123580717548368e-03,3.503888327381291922e-03,3.504786738094870131e-03,3.505685119136331580e-03,3.506583470495371144e-03
3.425511456429984093e-03,3.453865525025467086e-03,3.454751108765213245e-03,3.455636663241491886e-03,3.456522188444138832e-03
3.376607652776311089e-03,3.404556907172737092e-03,3.405429847094799435e-03,3.406302758156582594e-03,3.407175640348060301e-03
3.328402055934064508e-03,3.355952276259437355e-03,3.356812752904184127e-03,3.357673201086446360e-03,3.358533620796335696e-03
3.280884696516971240e-03,3.308041580354318702e-03,3.308889771683707140e-03,3.309737934943081383e-03,3.310586070122687515e-03
3.234045747511799483e-03,3.260814911078322061e-03,3.261650992512733944e-03,3.262487046264344465e-03,3.263323072323533278e-03
3.187875522244484373e-03,3.214262501553839541e-03,3.215086646008390690e-03,3.215910763162162581e-03,3.216734853005666275e-03
3.142364472375317169e-03,3.168374724383292776e-03,3.169187102303623431e-03,3.169999453300071258e-03,3.170811777363277423e-03
3.097503185922835869e-03,3.123142089656652954e-03,3.123942869054204246e-03,3.124743621899710253e-03,3.125544348183940079e-03
3.053282385316073797e-03,3.078555242987556471e-03,3.079344589474347724e-03,3.080133909775935232e-03,3.080923203883214733e-03
3.009692925474350376e-03,3.034604963577174856e-03,3.035383040400078686e-03,3.036161091399688493e-03,3.036939116567024914e-03
2.966725791914770222e-03,2.991282162306040625e-03,2.992049130380571020e-03,2.992816072988848178e-03,2.993582990122015900e-03
2.924372098886781311e-03,2.948577879853158615e-03,2.949333897796775454e-03,2.950089890626372922e-03,2.950845858333216252e-03
2.882623087533097480e-03,2.906483284841673755e-03,2.907228509006610714e-03,2.907973708405016833e-03,2.908718883028277909e-03
2.841470124077258470e-03,2.864989672011429220e-03,2.865724256517053307e-03,2.866458816598950899e-03,2.867193352248626186e-03
2.800904698036827886e-03,2.824088460417353320e-03,2.824812557182062103e-03,2.825536629861224829e-03,2.826260678446461047e-03
2.760918420462329242e-03,2.783771191653812600e-03,2.784484950426474766e-03,2.785198685447205086e-03,2.785912396707739339e-03
2.721503022201172874e-03,2.744029528104148345e-03,2.744733096495094969e-03,2.745436641463218017e-03,2.746140163000367323e-03
2.682650352186499113e-03,2.704855251215348370e-03,2.705548774726921398e-03,2.706242275140331721e-03,2.706935752447539329e-03
2.644352375750469789e-03,2.666240259797363586e-03,2.666923881854028899e-03,2.667607481132800058e-03,2.668291057625749377e-03
2.606601172961542714e-03,2.628176568346602716e-03,2.628850430324630814e-03,2.629524269840699969e-03,2.630198086886990482e-03
2.569388936985702709e-03,2.590656305393596471e-03,2.591320546650320317e-03,2.591984765756742172e-03,2.592648962705149454e-03
2.532707972471033749e-03,2.553671711874183278e-03,2.554326469776838516e-03,2.554981205836624660e-03,2.555635920045936250e-03
2.496550693955221136e-03,2.517215139523812373e-03,2.517860549477962499e-03,2.518505937892509192e-03,2.519151304759951505e-03
2.460909624296054796e-03,2.481279049295054013e-03,2.481915244772613972e-03,2.482551419009721393e-03,2.483187571998978979e-03
2.425777393124190807e-03,2.445856009797536205e-03,2.446483122364391354e-03,2.447110213985884304e-03,2.447737284654719243e-03
2.391146735318090948e-03,2.410938695760257190e-03,2.411556855103489348e-03,2.412174993792441137e-03,2.412793111819918224e-03
2.357010489500735613e-03,2.376519886515839151e-03,2.377129220470563641e-03,2.377738534058134422e-03,2.378347827271456039e-03
2.323361596557868558e-03,2.342592464506504553e-03,2.343193099082323868e-03,2.343793713574211270e-03,2.344394307975169317e-03
2.290193098177275167e-03,2.309149413811246478e-03,2.309741473218324473e-03,2.310333512820839531e-03,2.310925532611890487e-03
2.257498135409101610e-03,2.276183818694226760e-03,2.276767425368992920e-03,2.277351012514761304e-03,2.277934580124727024e-03
2.225269947246645043e-03,2.243688862173809535e-03,2.244264136804293309e-03,2.244839392177591392e-03,2.245414628286992141e-03
2.193501869227383692e-03,2.211657824611997728e-03,2.212224886162801607e-03,2.212791928724527814e-03,2.213358952290557079e-03
2.162187332054182638e-03,2.180084082324226964e-03,2.180643048061144378e-03,2.181201995073435342e-03,2.181760923354572959e-03
2.131319860236005701e-03,2.148961106208810857e-03,2.149512091723089317e-03,2.150063058773585192e-03,2.150614007353862222e-03
2.100893070748104368e-03,2.118282460396032039e-03,2.118825579628291940e-03,2.119368680654053032e-03,2.119911763466967095e-03
2.070900671711365867e-03,2.088041800916549777e-03,2.088577166180361020e-03,2.089112513491442683e-03,2.089647842843535448e-03
2.041336461090546752e-03,2.058232874388854407e-03,2.058760596393975194e-03,2.059288300696668350e-03,2.059815987290761728e-03
2.012194325411129601e-03,2.028849516725496696e-03,2.029369704600780984e-03,2.029889875020518281e-03,2.030410027978621010e-03
1.983468238494370470e-03,1.999885651857647145e-03,2.000398413173625975e-03,2.000911157277560082e-03,2.001423884163447322e-03
1.955152260210578710e-03,1.971335290478061150e-03,1.971840731269196550e-03,1.972346155088459257e-03,1.972851561929928662e-03
1.927240535250169910e-03,1.943192528801946511e-03,1.943690753588575310e-03,1.944188961640213329e-03,1.944687152951023222e-03
1.899727291912237581e-03,1.915451547345501694e-03,1.915942659155457986e-03,1.916433754464061476e-03,1.916924833265555485e-03
1.872606840910412233e-03,1.888106609721881780e-03,1.888590710111816024e-03,1.889074794230832929e-03,1.889558862073255612e-03
1.845873574195929781e-03,1.861152061454526179e-03,1.861629250530915736e-03,1.862106423563664268e-03,1.862583580547173606e-03
1.819521963797260692e-03,1.834582328807163537e-03,1.835052705247026354e-03,1.835523065867406293e-03,1.835993410662783249e-03
1.793546560676555993e-03,1.808391917630797208e-03,1.808855578702106906e-03,1.809319224175015778e-03,1.809782854044080045e-03
1.767941993602291243e-03,1.782575412227005570e-03,1.783032453808816413e-03,1.783489480010272714e-03,1.783946490826006370e-03
1.742702968038186556e-03,1.757127474227668891e-03,1.757577990829952558e-03,1.758028492266932750e-03,1.758478978533316176e-03
1.717824265047666280e-03,1.732042841490336873e-03,1.732486926273536483e-03,1.732930996103527934e-03,1.733375050975091876e-03
1.693300740214317805e-03,1.707316327009762540e-03,1.707754071804065861e-03,1.708191801854340485e-03,1.708629517155439920e-03
1.669127322577663216e-03,1.682942817844856496e-03,1.683374313169195289e-03,1.683805793955808023e-03,1.684237260199619116e-03
1.645299013583956249e-03,1.658917274060783169e-03,1.659342609141561042e-03,1.659767929888075972e-03,1.660193236295323281e-03
1.621810886052320712e-03,1.635234727686554410e-03,1.635653990476105797e-03,1.636073239132056645e-03,1.636492473649471665e-03
1.598658083155261520e-03,1.611890281687078331e-03,1.612303558881865093e-03,1.612716822140949652e-03,1.613130071459465895e-03
1.575835817414028865e-03,1.588879108950214157e-03,1.589286486008761315e-03,1.589693849326778057e-03,1.590101198899466139e-03
1.553339369708265239e-03,1.566196451288215516e-03,1.566598012448791556e-03,1.566999560061318629e-03,1.567401094121065276e-03
1.531164088299700023e-03,1.543837618453336013e-03,1.544233446751379704e-03,1.544629261691201532e-03,1.545025063268136174e-03
1.509305387869944344e-03,1.521797987167657811e-03,1.522188164452956951e-03,1.522578328567242767e-03,1.522968479505914553e-03
1.487758748571863616e-03,1.500073000166603915e-03,1.500457607120227969e-03,1.500842201087463365e-03,1.501226782063773803e-03
1.466519715094674343e-03,1.478658165256297461e-03,1.479037281407288417e-03,1.479416384753966859e-03,1.479795475291859150e-03
1.445583895742245202e-03,1.457549054384223728e-03,1.457922758126049519e-03,1.458296449243123372e-03,1.458670127731034752e-03
1.424946961524669415e-03,1.436741302723283566e-03,1.437109671330054263e-03,1.437478027489153161e-03,1.437846371196230873e-03
1.404604645262784880e-03,1.416230607768895200e-03,1.416593717411350224e-03,1.416956814780765241e-03,1.417319899872852233e-03
1.384552740705437138e-03,1.396012728448946206e-03,1.396370654210210170e-03,1.396728567870652053e-03,1.397086469426043033e-03
1.364787101659412343e-03,1.376083484246520654e-03,1.376436300137637595e-03,1.376789104097767523e-03,1.377141896122740811e-03
1.345303641131765466e-03,1.356438754335125355e-03,1.356786533310367672e-03,1.357134300522108141e-03,1.357482055966235251e-03
1.326098330484452685e-03,1.337074476726322425e-03,1.337417290698283620e-03,1.337760093071909242e-03,1.338102883843145675e-03
1.307167198600967190e-03,1.317986647429461112e-03,1.318324567283931477e-03,1.318662475702945527e-03,1.319000372682506243e-03
1.288506331064864568e-03,1.299171319623397634e-03,1.299504415234027871e-03,1.299837499569824828e-03,1.300170572626847430e-03
1.270111869350202703e-03,1.280624602840241006e-03,1.280952943082997028e-03,1.281281272209316719e-03,1.281609590215314082e-03
1.251980010023242629e-03,1.262342662160428333e-03,1.262666314927837893e-03,1.262989956735012563e-03,1.263313587578120557e-03
1.234107003955844462e-03,1.244321717419618343e-03,1.244640749634816444e-03,1.244959771043814859e-03,1.245278781642835146e-03
1.216489155549943871e-03,1.226558042426740928e-03,1.226872520057312697e-03,1.227186987033583023e-03,1.227501443351826588e-03
1.199122821973108016e-03,1.209047964193221128e-03,1.209357952264847585e-03,1.209667929831962935e-03,1.209977896890894553e-03
1.182004412405061010e-03,1.191787862173266732e-03,1.192093424783176054e-03,1.192398977036285539e-03,1.192704518928973736e-03
1.165130387294978538e-03,1.174774167515013970e-03,1.175075367845240196e-03,1.175376557964326763e-03,1.175677737868702525e-03
1.148497257629292959e-03,1.158003362322263669e-03,1.158300262652715677e-03,1.158597152915664865e-03,1.158894033107589960e-03
1.132101584210122493e-03,1.141471978926943869e-03,1.141764640648288516e-03,1.142057292443771381e-03,1.142349934309920415e-03
1.115939976943803235e-03,1.125176599171738567e-03,1.125465082798099295e-03,1.125753556638270153e-03,1.126042020688828530e-03
1.100009094139807160e-03,1.109113853703212835e-03,1.109398218884686572e-03,1.109682574417700978e-03,1.109966920298880713e-03
1.084305641819430970e-03,1.093280421274763848e-03,1.093560726809759878e-03,1.093841022832111329e-03,1.094121309338489919e-03
1.068826373034618754e-03,1.077673028059815668e-03,1.077949331907217994e-03,1.078225626375900513e-03,1.078501911462582431e-03
1.053568087196281831e-03,1.062288446974566508e-03,1.062560806265721658e-03,1.062833156310218682e-03,1.063105497104822319e-03
1.038527629412354944e-03,1.047123497010569266e-03,1.047391968061104316e-03,1.047660429995204111e-03,1.047928882809679146e-03
1.023701889835236436e-03,1.032175042576764356e-03,1.032439680898234943e-03,1.032704310231680146e-03,1.032968930573954693e-03
1.009087803018625645e-03,1.017439992850996270e-03,1.017700853162368949e-03,1.017961704612337396e-03,1.018222547197800794e-03
9.946823472834580553e-04,1.002915301140692951e-03,1.003172437379663611e-03,1.003429564882086763e-03,1.003686683644905171e-03
9.804825440929236784e-04,9.885979642527110110e-04,9.888514295868606682e-04,9.891048863075791765e-04,9.893583344118526707e-04
9.664854574364837659e-04,9.744850218722538775e-04,9.747348687100456256e-04,9.749847070558068356e-04,9.752345369065656012e-04
9.526881932225380505e-04,9.605735559505041050e-04,9.608198359521238387e-04,9.610661075814205551e-04,9.613123708354640896e-04
9.390878986799204272e-04,9.468606901011693494e-04,9.471034541892107929e-04,9.473462100229669601e-04,9.475889575995487778e-04
9.256817617678664810e-04,9.333435890055616618e-04,9.335828873755586338e-04,9.338221776076610593e-04,9.340614596990205222e-04
9.124670105943835825e-04,9.200194578261498227e-04,9.202553399569584486e-04,9.204912140646390141e-04,9.207270801463831103e-04
8.994409128429931921e-04,9.068855416285572868e-04,9.071180562925899990e-04,9.073505630466589030e-04,9.075830618879950551e-04
8.866007752076091259e-04,8.939391248117591884e-04,8.941683200850722522e-04,8.943975075600056439e-04,8.946266872338293425e-04
8.739439428355342187e-04,8.811775305464689774e-04,8.814034538187062512e-04,8.816293694025894483e-04,8.818552772954269285e-04
8.614677987783454262e-04,8.685981202214740999e-04,8.688208182056684397e-04,8.690435086099971163e-04,8.692661914318062198e-04
8.491697634506913247e-04,8.561982928979536842e-04,8.564178116401885942e-04,8.566373229095302147e-04,8.568568267033620407e-04
8.370472940967440796e-04,8.439754847715107578e-04,8.441918696604440225e-04,8.444082471819610398e-04,8.446246173334821675e-04
8.250978842643856776e-04,8.319271686420090951e-04,8.321404644182603437e-04,8.323537529310977637e-04,8.325670341779778166e-04
8.133190632867815873e-04,8.200508533908498592e-04,8.202611041562540145e-04,8.204713477607921942e-04,8.206815842019567469e-04
8.017083957714110209e-04,8.083440834657714151e-04,8.085513326925000861e-04,8.087585748594762350e-04,8.089658099642274471e-04
7.902634810964126325e-04,7.968044383730270297e-04,7.970087289125794752e-04,7.972130124920781850e-04,7.974172891090854391e-04
7.789819529140774943e-04,7.854295321767633007e-04,7.856309062688293481e-04,7.858322734991449697e-04,7.860336338653069231e-04
7.678614786615025776e-04,7.742170130056268531e-04,7.744155122868227490e-04,7.746140048031953515e-04,7.748124905523755702e-04
7.568997590781508184e-04,7.631645625663246741e-04,7.633602280788042522e-04,7.635558869220307899e-04,7.637515390936684819e-04
7.460945277303442221e-04,7.522698956641821070e-04,7.524627678641255483e-04,7.526556334890476463e-04,7.528484925366455555e-04
7.354435505425503629e-04,7.415307597305490980e-04,7.417208784965296110e-04,7.419109907804005699e-04,7.421010965798914387e-04
7.249446253353723953e-04,7.309449343569647106e-04,7.311323389981963820e-04,7.313197372489284873e-04,7.315071291069223658e-04
7.145955813700832033e-04,7.205102308359181409e-04,7.206949601003856095e-04,7.208796830646795875e-04,7.210643997265930730e-04
7.043942788997319820e-04,7.102244917082412576e-04,7.104065837907134855e-04,7.105886696620722755e-04,7.107707493201416340e-04
6.943386087266105325e-04,7.000855903169081245e-04,7.002650828668377861e-04,7.004445692934652785e-04,7.006240495946452910e-04
6.844264917660759090e-04,6.900914303672492063e-04,6.902683604965586693e-04,6.904452845891460118e-04,6.906222026428959554e-04
6.746558786165750277e-04,6.802399454934128552e-04,6.804143497841702234e-04,6.805887481235706714e-04,6.807631405095292782e-04
6.650247491358095460e-04,6.705290988310225794e-04,6.707010133430062800e-04,6.708729219878010845e-04,6.710448247633513455e-04
6.555311120229763942e-04,6.609568825959582106e-04,6.611263428741154377e-04,6.612957973680706628e-04,6.614652460757970785e-04
6.461730044069795504e-04,6.515213176691600321e-04,6.516883587509574201e-04,6.518553941303749421e-04,6.520224238054144134e-04
6.369484914404755817e-04,6.422204531873100400e-04,6.423851096099799296e-04,6.425497604109434852e-04,6.427144055882307114e-04
6.278556658997499172e-04,6.330523661393968465e-04,6.332146719470797911e-04,6.333769722125971594e-04,6.335392669340069284e-04
6.188926477903033962e-04,6.240151609690367191e-04,6.241751497198221857e-04,6.243351330068658885e-04,6.244951108282531266e-04
6.100575839580842574e-04,6.151069691824876578e-04,6.152646739553538965e-04,6.154223733418006347e-04,6.155800673399401679e-04
6.013486477062321032e-04,6.063259489622176233e-04,6.064814023638728747e-04,6.066368504553446266e-04,6.067922932347717376e-04
5.927640384173535728e-04,5.976702847860567314e-04,5.978235189576824220e-04,5.979767478942892055e-04,5.981299715940422866e-04
5.843019811811290360e-04,5.891381870517164651e-04,5.892892336756139085e-04,5.894402751386008076e-04,5.895913114388683877e-04
5.759607264272817526e-04,5.807278917067230668e-04,5.808767820128659483e-04,5.810256672311648381e-04,5.811745473598365491e-04
5.677385495637719088e-04,5.724376598836147323e-04,5.725844246561072673e-04,5.727311844127950819e-04,5.728779391519201424e-04
5.596337506201464699e-04,5.642657775403387473e-04,5.644104471237817913e-04,5.645551117624466328e-04,5.646997714545997412e-04
5.516446538960199106e-04,5.562105551058228693e-04,5.563531594115897136e-04,5.564957588426056728e-04,5.566383533971618275e-04
5.437696076145209171e-04,5.482703271305507369e-04,5.484108956429724823e-04,5.485514593496855539e-04,5.486920182490053182e-04
5.360069835807366101e-04,5.404434519421807710e-04,5.405820137246437722e-04,5.407205707694689740e-04,5.408591230749955955e-04
5.283551768449969719e-04,5.327283113060405154e-04,5.328648950069965473e-04,5.330014740374278701e-04,5.331380483956970132e-04
5.208126053710090183e-04,5.251233100905157176e-04,5.252579439494068150e-04,5.253925732039416282e-04,5.255271978525057801e-04
5.133777097086845900e-04,5.176268759371672893e-04,5.177595877902652598e-04,5.178922951042438244e-04,5.180249978775118081e-04
5.060489526716446329e-04,5.102374589355649801e-04,5.103682762217279754e-04,5.104990890330902325e-04,5.106298973680828022e-04
4.988248190193875003e-04,5.029535313028277903e-04,5.030824810691748037e-04,5.032114264241337870e-04,5.033403673661581259e-04
4.917038151439193962e-04,4.957735870676566658e-04,4.959006959751603889e-04,4.960278005337958413e-04,4.961549007420383095e-04
4.846844687609054006e-04,4.886961417589299507e-04,4.888214360879303754e-04,4.889467261297018082e-04,4.890720118827407859e-04
4.777653286052211627e-04,4.817197320987346896e-04,4.818432377543739424e-04,4.819667391835548193e-04,4.820902363847952158e-04
4.709449641308336505e-04,4.748429156997614644e-04,4.749646582173404699e-04,4.750863965683754125e-04,4.752081307514052755e-04
4.642219652149976762e-04,4.680642707670533333e-04,4.681842753173124207e-04,4.683042757600975443e-04,4.684242720939683414e-04
4.575949418666514271e-04,4.613823958039862472e-04,4.615006871983105136e-04,4.616189745433983021e-04,4.617372578378295248e-04
4.510625239389987528e-04,4.547959093224728682e-04,4.549125120180227857e-04,4.550291107217526994e-04,4.551457054322626331e-04
4.446233608461688650e-04,4.483034495572751346e-04,4.484183876620441368e-04,4.485333218316000896e-04,4.486482520645629119e-04
4.382761212839458072e-04,4.419036741844229160e-04,4.420169714622227764e-04,4.421302648606182978e-04,4.422435543782489149e-04
4.320194929544649118e-04,4.355952600436302307e-04,4.357069399190049920e-04,4.358186159699971567e-04,4.359302881952652957e-04
4.258521822948661611e-04,4.293769028647033328e-04,4.294869884277736308e-04,4.295970702207067859e-04,4.297071482421805050e-04
4.197729142097934851e-04,4.232473169978241711e-04,4.233558310090616275e-04,4.234643413036422730e-04,4.235728478802624629e-04
4.137804318077289360e-04,4.172052351477023363e-04,4.173122000426364052e-04,4.174191612736393906e-04,4.175261188394260251e-04
4.078734961410956580e-04,4.112494081115264312e-04,4.113548460053837548e-04,4.114602802872916344e-04,4.115657109559830713e-04
4.020508859500619985e-04,4.053786045206472658e-04,4.054825372129247305e-04,4.055864663445008195e-04,4.056903919141263692e-04
3.963113974100124985e-04,3.995916105859580723e-04,3.996940595649308130e-04,3.997965050337268125e-04,3.998989469911146339e-04
3.906538438826169177e-04,3.938872298469026242e-04,3.939882162940674102e-04,3.940891992808667928e-04,3.941901788060868449e-04
3.850770556704598323e-04,3.882642829240737442e-04,3.883638277185289390e-04,3.884633691017268546e-04,3.885629070724706943e-04
3.795798797751594677e-04,3.827216072753288566e-04,3.828197309980921445e-04,3.829178513580127133e-04,3.830159683539107883e-04
3.741611796589780947e-04,3.772580569554287075e-04,3.773547798936926416e-04,3.774514995168446645e-04,3.775482158237219153e-04
3.688198350097794675e-04,3.718725023790465456e-04,3.719678445303737594e-04,3.720631834136458216e-04,3.721585190277161884e-04
3.635547415093864270e-04,3.665638300872094526e-04,3.666578111636678073e-04,3.667517890184630457e-04,3.668457636504647242e-04
3.583648106052485737e-04,3.613309425170766311e-04,3.614235819493154364e-04,3.615162182056275977e-04,3.616088512848988261e-04
3.532489692853288833e-04,3.561727577749601082e-04,3.562640747162279043e-04,3.563553885266593441e-04,3.564466992051558056e-04
3.482061598562380487e-04,3.510882094126237403e-04,3.511782227427288883e-04,3.512682329864506739e-04,3.513582401427061417e-04
3.432353397245373498e-04,3.460762462067758986e-04,3.461649745359905760e-04,3.462536998226465896e-04,3.463424220656764340e-04
3.383354811811413107e-04,3.411358319416861744e-04,3.412232936145944795e-04,3.413107522881495231e-04,3.413982079612987077e-04
3.335055711888397154e-04,3.362659451949503368e-04,3.363521582942419121e-04,3.364383684367747347e-04,3.365245756215111688e-04
3.287446111727815009e-04,3.314655791262361957e-04,3.315505614764450992e-04,3.316355409118874843e-04,3.317205174315405146e-04
3.240516168140407664e-04,3.267337412691448655e-04,3.268175104403354242e-04,3.269012767381579356e-04,3.269850401616040915e-04
3.194256178460637787e-04,3.220694533259702095e-04,3.221520266373700185e-04,3.222345971162148904e-04,3.223171647615106659e-04
3.148656578540449491e-04,3.174717509654141449e-04,3.175531454889955123e-04,3.176345372202577151e-04,3.177159261582207430e-04
3.103707940771672190e-04,3.129396836231903710e-04,3.130199161872002089e-04,3.131001459985575030e-04,3.131803730562962833e-04
3.059400972136635394e-04,3.084723143054719590e-04,3.085514014979115851e-04,3.086304859768042134e-04,3.087095677411975350e-04
3.015726512286708754e-04,3.040687193951547239e-04,3.041466775672099516e-04,3.042246330642704049e-04,3.043025858853973275e-04
2.972675531648050163e-04,2.997279884608634653e-04,2.998048337302855254e-04,2.998816763627195725e-04,2.999585163572400775e-04
2.930239129554749480e-04,2.954492240687220557e-04,2.955249723231603799e-04,2.956007179780795798e-04,2.956764610325673536e-04
2.888408532408235415e-04,2.912315415967688201e-04,2.913062084970562821e-04,2.913808728347632251e-04,2.914555346089902493e-04
2.847175091863266526e-04,2.870740690520552619e-04,2.871476700354463093e-04,2.872212684926726410e-04,2.872948644228476506e-04
2.806530283039700190e-04,2.829759468903420483e-04,2.830484971737049740e-04,2.831210449668034490e-04,2.831935902687634436e-04
2.766465702759763104e-04,2.789363278383666703e-04,2.790078424213298042e-04,2.790793545494205867e-04,2.791508642217772939e-04
2.726973067810589115e-04,2.749543767186596820e-04,2.750248703867131305e-04,2.750953616347851004e-04,2.751658504620262818e-04
2.688044213231431320e-04,2.710292702768467440e-04,2.710987576043995153e-04,2.711682425463676641e-04,2.712377251019139693e-04
2.649671090625507243e-04,2.671601970114371766e-04,2.672286923648307206e-04,2.672971853665495287e-04,2.673656760157680891e-04
2.611845766495730610e-04,2.633463570060180325e-04,2.634138745464969546e-04,2.634813897687307256e-04,2.635489026719054352e-04
2.574560420604433270e-04,2.595869617638694635e-04,2.596535154505096835e-04,2.597200668518607580e-04,2.597866159671203775e-04
2.537807344356267890e-04,2.558812340449155131e-04,2.559468376375104658e-04,2.560124389773054212e-04,2.560780380635095080e-04
2.501578939204481184e-04,2.522284077050331030e-04,2.522930747669389017e-04,2.523577396080736073e-04,2.524224022276576784e-04
2.465867715079658306e-04,2.486277275376249426e-04,2.486914714385649386e-04,2.487552131503090072e-04,2.488189526720885575e-04
2.430666288841072317e-04,2.450784491174725147e-04,2.451412830363017422e-04,2.452041147970627577e-04,2.452669443989979208e-04
2.395967382750076302e-04,2.415798386468118121e-04,2.416417755742419947e-04,2.417037103742905731e-04,2.417656430462107489e-04
2.361763822965382269e-04,2.381311728036160488e-04,2.381922255449016291e-04,2.382532761890573665e-04,2.383143247353470336e-04
2.328048538059695582e-04,2.347317385920301869e-04,2.347919197696161106e-04,2.348520988798952051e-04,2.349122759221416513e-04
2.294814557557660470e-04,2.313808331949561957e-04,2.314401552510878576e-04,2.314994752693129735e-04,2.315587932489159700e-04
2.262055010494471244e-04,2.280777638287196805e-04,2.281362390280155465e-04,2.281947122183883281e-04,2.282531833991326977e-04
2.229763123995364706e-04,2.248218475998448246e-04,2.248794880318323803e-04,2.249371264834694277e-04,2.249947629540606682e-04
2.197932221875177616e-04,2.216124113638498494e-04,2.216692289454653096e-04,2.217260445748977528e-04,2.217828582514617193e-04
2.166555723257856459e-04,2.184487915860549440e-04,2.185047980641072923e-04,2.185608026177446946e-04,2.186168052462914761e-04
2.135627141215969930e-04,2.153303342044086543e-04,2.153855411580085264e-04,2.154407462145677685e-04,2.154959493734203281e-04
2.105140081429237241e-04,2.122563944942284576e-04,2.123108133371822499e-04,2.123652303100815567e-04,2.124196454122697579e-04
2.075088240862591859e-04,2.092263369349145583e-04,2.092799789180844919e-04,2.093336190578033338e-04,2.093872573534237883e-04
2.045465406462839840e-04,2.062395350785354773e-04,2.062924112921658891e-04,2.063452856885712467e-04,2.063981582671134429e-04
2.016265453874111738e-04,2.032953714203107783e-04,2.033474927963211548e-04,2.033996123809604976e-04,2.034517301735997796e-04
1.987482346171485462e-04,2.003932372709244154e-04,2.004446145851697370e-04,2.004959901335312870e-04,2.005473639153889829e-04
1.959110132612915350e-04,1.975325326306852901e-04,1.975831765051841481e-04,1.976338186389249151e-04,1.976844590312962636e-04
1.931142947408742933e-04,1.947126660654590420e-04,1.947625869705898528e-04,1.948125061597317403e-04,1.948624236322821050e-04
1.903575008508904588e-04,1.919330545843849520e-04,1.919822628410509187e-04,1.920314694061456317e-04,1.920806742790751379e-04
1.876400616407454449e-04,1.891931235193390333e-04,1.892416293011020187e-04,1.892901334153649902e-04,1.893386358615423972e-04
1.849614152964093833e-04,1.864923064061110576e-04,1.865401197412952343e-04,1.865879314327090048e-04,1.866357414797751668e-04
1.823210080242602840e-04,1.838300448672864338e-04,1.838771756410516854e-04,1.839243047944393852e-04,1.839714323268805169e-04
1.797182939365843987e-04,1.812057884967989787e-04,1.812522464531848376e-04,1.812987028122539895e-04,1.813451575734454681e-04
1.771527349386981432e-04,1.786189947461175255e-04,1.786647894900578919e-04,1.787105826594150482e-04,1.787563742536359428e-04
1.746238006177014738e-04,1.760691288120795714e-04,1.761142698113885919e-04,1.761594092585251593e-04,1.762045471529441367e-04
1.721309681328073138e-04,1.735556635263121156e-04,1.736001601136418458e-04,1.736446551708916938e-04,1.736891486975243289e-04
1.696737221072371104e-04,1.710780792462326136e-04,1.711219406210025187e-04,1.711658004874715340e-04,1.712096588451099183e-04
1.672515545216675858e-04,1.686358637476138389e-04,1.686790989779130532e-04,1.687223327213811016e-04,1.687655649774957780e-04
1.648639646091867807e-04,1.662285121186699618e-04,1.662711301431320915e-04,1.663137467019279285e-04,1.663563617945427206e-04
1.625104587517704725e-04,1.638555266556770453e-04,1.638975362853284075e-04,1.639395444701777823e-04,1.639815512097177630e-04
1.601905503781974401e-04,1.615164167600413299e-04,1.615578266801226295e-04,1.615992351759700158e-04,1.616406422470832379e-04
1.579037598634739910e-04,1.592106988368935340e-04,1.592515176086557629e-04,1.592923349764599603e-04,1.593331509398130850e-04
1.556496144296557003e-04,1.569378961950881977e-04,1.569781322575626494e-04,1.570183669360670142e-04,1.570586002301152713e-04
1.534276480480911350e-04,1.546975389486381861e-04,1.547372006203813163e-04,1.547768609278584600e-04,1.548165198705904000e-04
1.512374013430802726e-04,1.524891639195764901e-04,1.525282594003899491e-04,1.525673535363615541e-04,1.526064463270189724e-04
1.490784214968886323e-04,1.503123145421833627e-04,1.503508519148093084e-04,1.503893879617416302e-04,1.504279226825146632e-04
1.469502621561221084e-04,1.481665407685863270e-04,1.482045280003785868e-04,1.482425139253533994e-04,1.482804985430517678e-04
1.448524833394514177e-04,1.460513989757212638e-04,1.460888439202926987e-04,1.461262875766547128e-04,1.461637299443548142e-04
1.427846513466266389e-04,1.439664518735927264e-04,1.440033622724390134e-04,1.440402714014195232e-04,1.440771792600881878e-04
1.407463386688225025e-04,1.419112684148783133e-04,1.419476518989785799e-04,1.419840341312960709e-04,1.420204151113910337e-04
1.387371239002395656e-04,1.398854237057972746e-04,1.399212877971918846e-04,1.399571506546296831e-04,1.399930122776773145e-04
1.367565916509802461e-04,1.378884989182658778e-04,1.379238510316115561e-04,1.379592019285731718e-04,1.379945516087234677e-04
1.348043324611669191e-04,1.359200812033044292e-04,1.359549286474074595e-04,1.359897748924494029e-04,1.360246199380090739e-04
1.328799427162765420e-04,1.339797636056707189e-04,1.340141135849979692e-04,1.340484623823409130e-04,1.340828099972843823e-04
1.309830245637004552e-04,1.320671449797298082e-04,1.321010045958983701e-04,1.321348630469167075e-04,1.321687203323755611e-04
1.291131858304801359e-04,1.301818299065083350e-04,1.302152061597538048e-04,1.302485812644438756e-04,1.302819552201750887e-04
1.272700399422275238e-04,1.283234286119438539e-04,1.283563284025677153e-04,1.283892270609950808e-04,1.284221245868282651e-04
1.254532058431970948e-04,1.264915568862953299e-04,1.265239870160916012e-04,1.265564160298177456e-04,1.265888439270816885e-04
1.236623079174997892e-04,1.246858360047047021e-04,1.247178031783662011e-04,1.247497692518546874e-04,1.247817342247837245e-04
1.218969759114514904e-04,1.229058926489033112e-04,1.229374034754079968e-04,1.229689132174107823e-04,1.230004218745307061e-04
1.201568448570097841e-04,1.211513588300137229e-04,1.211824198239910480e-04,1.212134797489147818e-04,1.212445386044094109e-04
1.184415549963232584e-04,1.194218718124754767e-04,1.194524893955533734e-04,1.194831059248063553e-04,1.195137213998642353e-04
1.167507517073500446e-04,1.177170740390475688e-04,1.177472545411801489e-04,1.177774340044999350e-04,1.178076124286420254e-04
1.150840854305390515e-04,1.160366130568829399e-04,1.160663627176592084e-04,1.160961113544213785e-04,1.161258589668096849e-04
1.134412115965528067e-04,1.143801414446526070e-04,1.144094664145865812e-04,1.144387903750946684e-04,1.144681133258222667e-04
1.118217905550303868e-04,1.127473167407193561e-04,1.127762230825216588e-04,1.128051284292788507e-04,1.128340327806413580e-04
1.102254875043667999e-04,1.111378013723359387e-04,1.111662950621673389e-04,1.111947877711298699e-04,1.112232794988789587e-04
1.086519724224854305e-04,1.095512625858440143e-04,1.095793495145509707e-04,1.096074354763637056e-04,1.096355204709425249e-04
1.071009199986118666e-04,1.079873723778837990e-04,1.080150583522164660e-04,1.080427433734307843e-04,1.080704274411919117e-04
1.055720095660147130e-04,1.064458074275778974e-04,1.064730981713906896e-04,1.065003879756650499e-04,1.065276768400709066e-04
1.040649250357005028e-04,1.049262490296770791e-04,1.049531501851120235e-04,1.049800504143953294e-04,1.050069497172016004e-04
1.025793548310694560e-04,1.034283830286756575e-04,1.034549001573290358e-04,1.034814163730271152e-04,1.035079316754491344e-04
1.011149918234923893e-04,1.019518997538548365e-04,1.019780383379269680e-04,1.020041760220524241e-04,1.020303128059150245e-04
9.967153326881407764e-05,1.004964939552605865e-04,1.005222593986893612e-04,1.005480239549950245e-04,1.005737876238658952e-04
9.824868074475994492e-05,9.906186474059228923e-05,9.908726237017041164e-05,9.911265912526652868e-05,9.913805500557343168e-05
9.684614008923413196e-05,9.764771551298975436e-05,9.767275057946606185e-05,9.769778478392164166e-05,9.772281812605363544e-05
9.546362133950890062e-05,9.625375390971991903e-05,9.627843158888499387e-05,9.630310841831333808e-05,9.632778439770637593e-05
9.410083867226517725e-05,9.487969174172023064e-05,9.490401713547653452e-05,9.492834169160530434e-05,9.495266540981221986e-05
9.275751034450623121e-05,9.352524493402400072e-05,9.354922307144068153e-05,9.357320038316670446e-05,9.359717686891197766e-05
9.143335863530209625e-05,9.219013346702211234e-05,9.221376930537475403e-05,9.223740432980377375e-05,9.226103854002321318e-05
9.012810978837384199e-05,9.087408131857232976e-05,9.089737974436788931e-05,9.092067736783944845e-05,9.094397418870507393e-05
8.884149395549563195e-05,8.957681640693288623e-05,8.959978223692003458e-05,8.962274727601769362e-05,8.964571152394795522e-05
8.757324514069957913e-05,8.829807053450519844e-05,8.832070851667013305e-05,8.834334571921735070e-05,8.836598214187294127e-05
8.632310114528426645e-05,8.703757933238752344e-05,8.705989414693561849e-05,8.708220819297737478e-05,8.710452147024277177e-05
8.509080351360508534e-05,8.579508220571649174e-05,8.581707846603996213e-05,8.583907396881032754e-05,8.586106871376140276e-05
8.387609747963752917e-05,8.457032227978797856e-05,8.459200453341969323e-05,8.461368604029565550e-05,8.463536680015344780e-05
8.267873191430541847e-05,8.336304634694946612e-05,8.338441907650315460e-05,8.340579106994473052e-05,8.342716232701554390e-05
8.149845927356168436e-05,8.217300481425114428e-05,8.219407243834818627e-05,8.221513933682526539e-05,8.223620550942741794e-05
8.033503554720626040e-05,8.099995165183993353e-05,8.102071852602288056e-05,8.104148468492867910e-05,8.106225012830598398e-05
7.918822020843890093e-05,7.984364434209487193e-05,7.986411475972801275e-05,7.988458447227955771e-05,7.990505347950175306e-05
7.805777616413176053e-05,7.870384382948818560e-05,7.872402202264512834e-05,7.874419952077092093e-05,7.876437632362131972e-05
7.694346970580782973e-05,7.758031447115770437e-05,7.760020461149640895e-05,7.762009406671132152e-05,7.763998283656166788e-05
7.584507046132396666e-05,7.647282398819012087e-05,7.649243018781536833e-05,7.651203571208314077e-05,7.653164056075609277e-05
7.476235134724302047e-05,7.538114341759893878e-05,7.540046972991253549e-05,7.541979537649589813e-05,7.543912035711511008e-05
7.369508852188188706e-05,7.430504706498373361e-05,7.432409748552249113e-05,7.434314724982121238e-05,7.436219635764931466e-05
7.264306133903631018e-05,7.324431245787213561e-05,7.326309092513399210e-05,7.328186874551089142e-05,7.330064591877553058e-05
7.160605230235884673e-05,7.219872029971982858e-05,7.221723069597812527e-05,7.223574045457333611e-05,7.225424957528141072e-05
7.058384702039632494e-05,7.116805442457630295e-05,7.118630057668241904e-05,7.120454610021602370e-05,7.122279099495625141e-05
6.957623416226126284e-05,7.015210175238890586e-05,7.017008743256348212e-05,7.018807249312666765e-05,7.020605693386074110e-05
6.858300541394199011e-05,6.915065224495167977e-05,6.916838117156448519e-05,6.918610948739942353e-05,6.920383719224187697e-05
6.760395543523441087e-05,6.816349886248042268e-05,6.818097470081917579e-05,6.819844993708777735e-05,6.821592457107469951e-05
6.663888181728667948e-05,6.719043752080602829e-05,6.720766388383411891e-05,6.722488965337579500e-05,6.724211482922252384e-05
6.568758504075510886e-05,6.623126704918411362e-05,6.624824749828763177e-05,6.626522736236625571e-05,6.628220664121436652e-05
6.474986843454771642e-05,6.528578914869671607e-05,6.530252719442077426e-05,6.531926466346088176e-05,6.533600155561441471e-05
6.382553813517260566e-05,6.435380835126491112e-05,6.437030745403936869e-05,6.438680598835208537e-05,6.440330395400326979e-05
6.291440304664973999e-05,6.343513197922803423e-05,6.345139555008300297e-05,6.346765856058130613e-05,6.348392101052602549e-05
6.201627480100498720e-05,6.252957010551104167e-05,6.254560150678207804e-05,6.256163235568609727e-05,6.257766265202898651e-05
6.113096771932743413e-05,6.163693551435964093e-05,6.165273806038289585e-05,6.166854006191499504e-05,6.168434151876459038e-05
6.025829877337761159e-05,6.075704366263036334e-05,6.077262062042785212e-05,6.078819704149784523e-05,6.080377292565172537e-05
5.939808754774955000e-05,5.988971264163972568e-05,5.990506723159472505e-05,5.992042129247532052e-05,5.993577482409556461e-05
5.855015620257079592e-05,5.903476313955549983e-05,5.904989853607838359e-05,5.906503341107093187e-05,5.908016776434985354e-05
5.771432943673357235e-05,5.819201840432333429e-05,5.820693773650786792e-05,5.822185655459866978e-05,5.823677485841507112e-05
5.689043445165164841e-05,5.736130420712374698e-05,5.737601055939400407e-05,5.739071640490120652e-05,5.740542174346726056e-05
5.607830091553644693e-05,5.654244880635259134e-05,5.655694521910068124e-05,5.657144113231195786e-05,5.658593654581086854e-05
5.527776092818262549e-05,5.573528291211520376e-05,5.574957238232983782e-05,5.576386136013095497e-05,5.577814984534550297e-05
5.448864898625103515e-05,5.493963965122166927e-05,5.495372513310776882e-05,5.496781012960217326e-05,5.498189464053430373e-05
5.371080194905685640e-05,5.415535453269225180e-05,5.416923893828174698e-05,5.418312286540133768e-05,5.419700631388285736e-05
5.294405900483708805e-05,5.338226541374528085e-05,5.339595161349915456e-05,5.340963734160628589e-05,5.342332259790092064e-05
5.218826163750600838e-05,5.262021246627771319e-05,5.263370328967944590e-05,5.264719364816038605e-05,5.266068354155715114e-05
5.144325359388239295e-05,5.186903814382099522e-05,5.188233637996154626e-05,5.189563415781144496e-05,5.190893147720962631e-05
5.070888085138401685e-05,5.112858714896806539e-05,5.114169554712254652e-05,5.115480349352203410e-05,5.116791098800775351e-05
4.998499158618471139e-05,5.039870640126698371e-05,5.041162767146301147e-05,5.042454849634658506e-05,5.043746887576118634e-05
4.927143614182597940e-05,4.967924500557269760e-05,4.969198181915070899e-05,4.970471819376700076e-05,4.971745412926730450e-05
4.856806699827543054e-05,4.897005422084930738e-05,4.898260921101483888e-05,4.899516376847889510e-05,4.900771789308940989e-05
4.787473874142848590e-05,4.827098742941942955e-05,4.828336319178751538e-05,4.829573852762517429e-05,4.830811343678250856e-05
4.719130803304583019e-05,4.758190010665282464e-05,4.759409919978464294e-05,4.760629787246915389e-05,4.761849612455857397e-05
4.651763358111717908e-05,4.690264979108473502e-05,4.691467473701657653e-05,4.692669926849752797e-05,4.693872338538192680e-05
4.585357611065036545e-05,4.623309605496327536e-05,4.624494933972795658e-05,4.625680221595271634e-05,4.626865468349397240e-05
4.519899833487753851e-05,4.557310047521730384e-05,4.558478454935812631e-05,4.559646822078577375e-05,4.560815148935869678e-05
4.455376492687209268e-05,4.492252660483842468e-05,4.493404388391585653e-05,4.494556076602380311e-05,4.495707725102276146e-05
4.391774249157099312e-05,4.428123994467178238e-05,4.429259280976281473e-05,4.430394528354622140e-05,4.431529736588445779e-05
4.329079953819314004e-05,4.364910791560589647e-05,4.366029871379635931e-05,4.367148912626034400e-05,4.368267915286228460e-05
4.267280645305927405e-05,4.302599983116798794e-05,4.303703087603776451e-05,4.304806154068267744e-05,4.305909182496909881e-05
4.206363547279171815e-05,4.241178687050156827e-05,4.242266044260293824e-05,4.243353363990265772e-05,4.244440646226898937e-05
4.146316065790192537e-05,4.180634205173553380e-05,4.181706039906467250e-05,4.182777837693806347e-05,4.183849598522585317e-05
4.087125786675126291e-05,4.120954020572930210e-05,4.122010554419100345e-05,4.123067051846668107e-05,4.124123512842832456e-05
4.028780472988711329e-05,4.062125795019657889e-05,4.063167246406242567e-05,4.064208661893685106e-05,4.065250041469368103e-05
3.971268062474348414e-05,4.004137366419656098e-05,4.005163950655648148e-05,4.006190499504555226e-05,4.007217012953938822e-05
3.914576665070300984e-05,3.946976746298951934e-05,3.947988675619694047e-05,3.949000570058108285e-05,3.950012429601935709e-05
3.858694560451503887e-05,3.890632117325136817e-05,3.891629600936199205e-05,3.892627050162497134e-05,3.893624464991945138e-05
3.803610195606582276e-05,3.835091830864344582e-05,3.836075074984777192e-05,3.837058285210916722e-05,3.838041461530849823e-05
3.749312182448972711e-05,3.780344404572566925e-05,3.781313612477535011e-05,3.782282786971688971e-05,3.783251928043286893e-05
3.695789295462993532e-05,3.726378520022287410e-05,3.727333892085095212e-05,3.728289231213677057e-05,3.729244537396457732e-05
3.643030469382708275e-05,3.673183020362091492e-05,3.674124754095610954e-05,3.675066455364698747e-05,3.676008124157944320e-05
3.591024796904497611e-05,3.620746908010332685e-05,3.621675198107835862e-05,3.622603456204004677e-05,3.623531682287591210e-05
3.539761526431756876e-05,3.569059342381139115e-05,3.569974380756550539e-05,3.570889387587124149e-05,3.571804362861770590e-05
3.489230059852409011e-05,3.518109637643556016e-05,3.519011613471131103e-05,3.519913558203854967e-05,3.520815471830798175e-05
3.439419950347618807e-05,3.467887260512105685e-05,3.468776360265538587e-05,3.469665429367693125e-05,3.470554467807795041e-05
3.390320900232018133e-05,3.418381828069138283e-05,3.419258235560115438e-05,3.420134612837063480e-05,3.421010959889361969e-05
3.341922758824773326e-05,3.369583105618283647e-05,3.370447002034485746e-05,3.371310868667674497e-05,3.372174705507381248e-05
3.294215520351067162e-05,3.321481004568564347e-05,3.322332568511126872e-05,3.323184103095545741e-05,3.324035608311502738e-05
3.247189321873225626e-05,3.274065580348379861e-05,3.274904987868814912e-05,3.275744366449919375e-05,3.276583716081522758e-05
3.200834441251959752e-05,3.227327030349906015e-05,3.228154454986501009e-05,3.228981851096608598e-05,3.229809218670201266e-05
3.155141295136209396e-05,3.181255691902274563e-05,3.182071304715971199e-05,3.182886889410137070e-05,3.183702445974887640e-05
3.110100436981880315e-05,3.135842040273920523e-05,3.136646009883680097e-05,3.137449951775062354e-05,3.138253865938324383e-05
3.065702555098824040e-05,3.091076686703396595e-05,3.091869179321059133e-05,3.092661644615779315e-05,3.093454082577951785e-05
3.021938470725787790e-05,3.046950376458389023e-05,3.047731555923038427e-05,3.048512708454541228e-05,3.049293834043429968e-05
2.978799136132695427e-05,3.003453986922291182e-05,3.004224014734126043e-05,3.004994015997052500e-05,3.005763990701738962e-05
2.936275632750157138e-05,2.960578525708229829e-05,2.961337561061953803e-05,2.962096570245529304e-05,2.962855553249757554e-05
2.894359169325632869e-05,2.918315128799971780e-05,2.919063328617705225e-05,2.919811502638649446e-05,2.920559650853736785e-05
2.853041080105876137e-05,2.876655058719318323e-05,2.877392577683041017e-05,2.878130071218010301e-05,2.878867539315287268e-05
2.812312823045435976e-05,2.835589702719785098e-05,2.836316693303315794e-05,2.837043658820880340e-05,2.837770599263668241e-05
2.772165978040450594e-05,2.795110571005761401e-05,2.795827183506280331e-05,2.796543771298447373e-05,2.797260334373578069e-05
2.732592245188192540e-05,2.755209294977677809e-05,2.755915677546799580e-05,2.756622035760084586e-05,2.757328369608972373e-05
2.693583443070792923e-05,2.715877625501493474e-05,2.716573924175895777e-05,2.717270198841950144e-05,2.717966449491217418e-05
2.655131507064032730e-05,2.677107431203512751e-05,2.677793789935129361e-05,2.678480125000931382e-05,2.679166436392600275e-05
2.617228487669970332e-05,2.638890696789200982e-05,2.639567257474982427e-05,2.640243794832597963e-05,2.640920308853847293e-05
2.579866548873449887e-05,2.601219521386090910e-05,2.601886423897340275e-05,2.602553303413256857e-05,2.603220159925758267e-05
2.543037966522018696e-05,2.564086116910291161e-05,2.564743499121580436e-05,2.565400858665624635e-05,2.566058195534455890e-05
2.506735126729183700e-05,2.527482806456532417e-05,2.528130804274208879e-05,2.528778779748048965e-05,2.529426732870198308e-05
2.470950524300214636e-05,2.491402022710934732e-05,2.492040770101217712e-05,2.492679495466460413e-05,2.493318198798921291e-05
2.435676761180306498e-05,2.455836306386312715e-05,2.456465935402989199e-05,2.457095542708875982e-05,2.457725128296341297e-05
2.400906544925517688e-05,2.420778304680493905e-05,2.421398945492221117e-05,2.422019564902926710e-05,2.422640162905088351e-05
2.366632687194743055e-05,2.386220769755769609e-05,2.386832550672984913e-05,2.387444310494529230e-05,2.388056049212987974e-05
2.332848102263829047e-05,2.352156557240740281e-05,2.352759604742188891e-05,2.353362631448962722e-05,2.353965637353752218e-05
2.299545805560512658e-05,2.318578624753110383e-05,2.319173063511993952e-05,2.319767481772906187e-05,2.320361879528641546e-05
2.266718912220504691e-05,2.285480030443831197e-05,2.286065983353583031e-05,2.286651916057835197e-05,2.287237828549485154e-05
2.234360635664101380e-05,2.252853931561927845e-05,2.253431519761619480e-05,2.254009088044112326e-05,2.254586636402404468e-05
2.202464286193070577e-05,2.220693583039767911e-05,2.221262925939154531e-05,2.221832249205530724e-05,2.222401552831994865e-05
2.171023269607642113e-05,2.188992336098609742e-05,2.189553551402816439e-05,2.190114747354147850e-05,2.190675923945801284e-05
2.140031085843266878e-05,2.157743636874079392e-05,2.158296840607935749e-05,2.158850025265056675e-05,2.159403190838736381e-05
2.109481327626716045e-05,2.126941025061140504e-05,2.127486331593167549e-05,2.128031619320660655e-05,2.128576888237009916e-05
2.079367679151453678e-05,2.096578132578506316e-05,2.097115654644561957e-05,2.097653158174402689e-05,2.098190643161512798e-05
2.049683914771910367e-05,2.066648682252105834e-05,2.067178530978691476e-05,2.067708361433554009e-05,2.068238173610271227e-05
2.020423897716408539e-05,2.037146486517357868e-05,2.037668771444593001e-05,2.038191038360824474e-05,2.038713287259721565e-05
1.991581578818471762e-05,2.008065446139979505e-05,2.008580275244247970e-05,2.009095086594514092e-05,2.009609880184536255e-05
1.963150995266060321e-05,1.979399548954859081e-05,1.979907028671132799e-05,1.980414490886738514e-05,1.980921935595525074e-05
1.935126269369012242e-05,1.951142868623312820e-05,1.951643103867155331e-05,1.952143321860051755e-05,1.952643522595937675e-05
1.907501607343794618e-05,1.923289563407765276e-05,1.923782657597023242e-05,1.924275734781494415e-05,1.924768794955201114e-05
1.880271298115627923e-05,1.895833874963958281e-05,1.896319930040140931e-05,1.896805968354185301e-05,1.897291989900198750e-05
1.853429712137880984e-05,1.868770127150582000e-05,1.869249243599938024e-05,1.869728343526342286e-05,1.870207426923987189e-05
1.826971300228219931e-05,1.842092724855788369e-05,1.842565001730078891e-05,1.843037262317193676e-05,1.843509506611406781e-05
1.800890592421263106e-05,1.815796152840342976e-05,1.816261687777321793e-05,1.816727206659536146e-05,1.817192709481342761e-05
1.775182196837871021e-05,1.789874974597568854e-05,1.790333863841165541e-05,1.790792737259095104e-05,1.791251594845793890e-05
1.749840798570222980e-05,1.764323831229176216e-05,1.764776169649395638e-05,1.765228492469776404e-05,1.765680799684835164e-05
1.724861158583252952e-05,1.739137440337628639e-05,1.739583321450164166e-05,1.740029187185468073e-05,1.740475037538135613e-05
1.700238112631294774e-05,1.714310594933799887e-05,1.714750110919365401e-05,1.715189611747131989e-05,1.715629097411770798e-05
1.675966570190614972e-05,1.689838162360687433e-05,1.690271404084077260e-05,1.690704630865969883e-05,1.691137842701112342e-05
1.652041513406875397e-05,1.665715083232153021e-05,1.666142140261025735e-05,1.666569182561617056e-05,1.666996210128749242e-05
1.628457996057787558e-05,1.641936370386996893e-05,1.642357331010392473e-05,1.642778277115681284e-05,1.643199208697759106e-05
1.605211142530540562e-05,1.618497107857920150e-05,1.618912059104513879e-05,1.619326996040176627e-05,1.619741918659878035e-05
1.582296146813803793e-05,1.595392449855184491e-05,1.595801477511278271e-05,1.596210491060662408e-05,1.596619490498377356e-05
1.559708271504089158e-05,1.572617619764746038e-05,1.573020808392005266e-05,1.573423983113861717e-05,1.573827143925427674e-05
1.537442846826438700e-05,1.550167909160848033e-05,1.550565342113782323e-05,1.550962761359749601e-05,1.551360166893931604e-05
1.515495269668893265e-05,1.528038676832484531e-05,1.528430436275681788e-05,1.528822182207516673e-05,1.529213914623239366e-05
1.493861002630940605e-05,1.506225347823985325e-05,1.506611514749097465e-05,1.506997668355661409e-05,1.507383808638995267e-05
1.472535573085359978e-05,1.484723412489084279e-05,1.485104066731572223e-05,1.485484707845575322e-05,1.485865335826478772e-05
1.451514572253597090e-05,1.463528425558647591e-05,1.463903645814285873e-05,1.464278853128791647e-05,1.464654047497615162e-05
1.430793654294298192e-05,1.442636005221663375e-05,1.443005869062810626e-05,1.443375720147504133e-05,1.443745558471259534e-05
1.410368535404848859e-05,1.422041832219343481e-05,1.422406416110978290e-05,1.422770987428204015e-05,1.423135546166599991e-05
1.390234992935709049e-05,1.401741648952124780e-05,1.402101028267655732e-05,1.402460395188224578e-05,1.402819749709474013e-05
1.370388864517500589e-05,1.381731258599539421e-05,1.382085507636386776e-05,1.382439744455158932e-05,1.382793969051560925e-05
1.350826047200428142e-05,1.362006524252505980e-05,1.362355716247461938e-05,1.362704896198706293e-05,1.363054064102005067e-05
1.331542496605984855e-05,1.342563368058012358e-05,1.342907575202382451e-05,1.343251770474916802e-05,1.343595953871441740e-05
1.312534226090911191e-05,1.323397770376162488e-05,1.323737063830690301e-05,1.324076345582805901e-05,1.324415615628395251e-05
1.293797305922972406e-05,1.304505768949127401e-05,1.304840218858706178e-05,1.305174657232879180e-05,1.305509084067590982e-05
1.275327862468488109e-05,1.285883458081948161e-05,1.286213133590122857e-05,1.286542797727515341e-05,1.286872450490128126e-05
1.257122077391545954e-05,1.267526987835125927e-05,1.267851957098387396e-05,1.268176915153141733e-05,1.268501861995448202e-05
1.239176186864566086e-05,1.249432563228648494e-05,1.249752893430524899e-05,1.250073212583853634e-05,1.250393520684750544e-05
1.221486480790178395e-05,1.231596443457428903e-05,1.231912200822374516e-05,1.232227947296449845e-05,1.232543682875826300e-05
1.204049302034225705e-05,1.214014941117961992e-05,1.214326190925048972e-05,1.214637429996693504e-05,1.214948658329121377e-05
1.186861045669686754e-05,1.196684421445987792e-05,1.196991228042401794e-05,1.197298024056583312e-05,1.197604809484812007e-05
1.169918158231292451e-05,1.179601301564932413e-05,1.179903728379275408e-05,1.180206144762410029e-05,1.180508550710669132e-05
1.153217136981054118e-05,1.162762049745370514e-05,1.163060159300774552e-05,1.163358258573839306e-05,1.163656347560950147e-05
1.136754529183984257e-05,1.146163184674739243e-05,1.146457038601791839e-05,1.146750882393250390e-05,1.147044716045551937e-05
1.120526931394336438e-05,1.129801274737676518e-05,1.130090933787162736e-05,1.130380582845706454e-05,1.130670221909795364e-05
1.104530988751952334e-05,1.113672937306541653e-05,1.113958461362003407e-05,1.114243975569110322e-05,1.114529479924399729e-05
1.088763394288699961e-05,1.097774838042113938e-05,1.098056286132230558e-05,1.098337724514545090e-05,1.098619153185644670e-05
1.073220888244786460e-05,1.082103690204247749e-05,1.082381120515039019e-05,1.082658541256575517e-05,1.082935952425493505e-05
1.057900257394806510e-05,1.066656253972338163e-05,1.066929723859193881e-05,1.067203184313365677e-05,1.067476635331537417e-05
1.042798334383507387e-05,1.051429335775595383e-05,1.051698901775133488e-05,1.051968458476609496e-05,1.052238005876754708e-05
1.027911997070928654e-05,1.036419787632759353e-05,1.036685505474513617e-05,1.036951214150906880e-05,1.037216913658717027e-05
1.013238167886924088e-05,1.021624506501278767e-05,1.021886431119220483e-05,1.022148346702608835e-05,1.022410253248267617e-05
9.987738131949364310e-06,1.007040433635822529e-05,1.007298619179717864e-05,1.007556795818000949e-05,1.007814963547540981e-05
9.845159426648187917e-06,9.926645539559091809e-06,9.929190538025137324e-06,9.931735448706072237e-06,9.934280271571035751e-06
9.704616086546088413e-06,9.784938954225640015e-06,9.787447621866577745e-06,9.789956202975281800e-06,9.792464697521330143e-06
9.566079056011297756e-06,9.645255284238745346e-06,9.647728139691398775e-06,9.650200909846817977e-06,9.652673594675014596e-06
9.429519694193006372e-06,9.507565651693310286e-06,9.510003206190747148e-06,9.512440676608324168e-06,9.514878062916483286e-06
9.294909769100511375e-06,9.371841590928420201e-06,9.374244348405641862e-06,9.376647023003010505e-06,9.379049614691386503e-06
9.162221451766200717e-06,9.238055042641982238e-06,9.240423499840112140e-06,9.242791875341270535e-06,9.245160169116732840e-06
9.031427310492085283e-06,9.106178348089638924e-06,9.108512994658615161e-06,9.110847560696620035e-06,9.113182046175344011e-06
8.902500305178903144e-06,8.976184243366962034e-06,8.978485561966764570e-06,8.980786801184960160e-06,8.983087960993642456e-06
8.775413781735847795e-06,8.848045853772895568e-06,8.850314320173336880e-06,8.852582708325135410e-06,8.854851018200781223e-06
8.650141466570244447e-06,8.721736688253836254e-06,8.723972771432918796e-06,8.726208777480154558e-06,8.728444706368426625e-06
8.526657461155263458e-06,8.597230633926342426e-06,8.599434796167213413e-06,8.601638882377097542e-06,8.603842892529265840e-06
8.404936236676104595e-06,8.474501950679057429e-06,8.476674647665584643e-06,8.478847269706275849e-06,8.481019816774781545e-06
8.284952628752295680e-06,8.353525265851309830e-06,8.355666946762285239e-06,8.357808553797088337e-06,8.359950086929752484e-06
8.166681832234911291e-06,8.234275568987253722e-06,8.236386676589257087e-06,8.238497711369491695e-06,8.240608673302356822e-06
8.050099396078437097e-06,8.116728206665293319e-06,8.118809177404231046e-06,8.120890076360758571e-06,8.122970903509634311e-06
7.935181218286100743e-06,8.000858877401599212e-06,8.002910141492938773e-06,8.004961334826386668e-06,8.007012457377070622e-06
7.821903540926614391e-06,7.886643626625576689e-06,7.888665608143276609e-06,7.890687519912990388e-06,7.892709361910196423e-06
7.710242945222915066e-06,7.774058841727978989e-06,7.776051958692173699e-06,7.778045006903874681e-06,7.780037986338909307e-06
7.600176346710287153e-06,7.663081247178934655e-06,7.665045911642350487e-06,7.667010508334556871e-06,7.668975037231730158e-06
7.491680990463907728e-06,7.553687899715999948e-06,7.555624517849141235e-06,7.557561069178356749e-06,7.559497553680161652e-06
7.384734446394783012e-06,7.445856183601172445e-06,7.447765155776296372e-06,7.449674062100974104e-06,7.451582902552055382e-06
7.279314604612425947e-06,7.339563805945172611e-06,7.341445526819060426e-06,7.343327182782374886e-06,7.345208773812294381e-06
7.175399670853629445e-06,7.234788792098370767e-06,7.236643650693916535e-06,7.238498445305349021e-06,7.240353175910172724e-06
7.072968161977314977e-06,7.131509481108384022e-06,7.133337860895024638e-06,7.135166177610790709e-06,7.136994431233506911e-06
6.971998901522594393e-06,7.029704521241334507e-06,7.031506800214324358e-06,7.033309017016644257e-06,7.035111171626438213e-06
6.872471015331084267e-06,6.929352865567951371e-06,6.931129416326509595e-06,6.932905905801758052e-06,6.934682333972151613e-06
6.774363927231365360e-06,6.830433767612309164e-06,6.832184957436651367e-06,6.833936086852379999e-06,6.835687155838258252e-06
6.677657354785020525e-06,6.732926777062650356e-06,6.734652967989919187e-06,6.736379099370788766e-06,6.738105171184322981e-06
6.582331305093414198e-06,6.636811735543455952e-06,6.638513284442568322e-06,6.640214774645189218e-06,6.641916206130683222e-06
6.488366070664629010e-06,6.542068772448190776e-06,6.543746031093616123e-06,6.545423231880329108e-06,6.547100374787990776e-06
6.395742225338953561e-06,6.448678300831046298e-06,6.450331615975531986e-06,6.451984874087129402e-06,6.453638075145788428e-06
6.304440620272709574e-06,6.356621013357533601e-06,6.358250726803791864e-06,6.359880384031201174e-06,6.361509985019996864e-06
6.214442379979741676e-06,6.265877878313225181e-06,6.267484326984598535e-06,6.269090720239545199e-06,6.270697058058580028e-06
6.125728898428649567e-06,6.176430135668645696e-06,6.178013651678761004e-06,6.179597113063419153e-06,6.181180519803413670e-06
6.038281835196777323e-06,6.088259293201482291e-06,6.089820203922912099e-06,6.091381060798565022e-06,6.092941863809510723e-06
5.952083111678151922e-06,6.001347122673093968e-06,6.002885750805034436e-06,6.004424325859753365e-06,6.005962847818590619e-06
5.867114907345987639e-06,5.915675656060092496e-06,5.917192319695082492e-06,5.918708931010436370e-06,5.920225489987761657e-06
5.783359656068550962e-06,5.831227181839720925e-06,5.832722194529399733e-06,5.834217155646218009e-06,5.835712065172042472e-06
5.700800042477614411e-06,5.747984241328249588e-06,5.749457912148182879e-06,5.750931532131372162e-06,5.752405101259943348e-06
5.619418998388598838e-06,5.665929625071479876e-06,5.667382258685056486e-06,5.668834842187499863e-06,5.670287375561191721e-06
5.539199699271898545e-06,5.585046369286867041e-06,5.586478266008284343e-06,5.587910113333823361e-06,5.589341911246119072e-06
5.460125560774903014e-06,5.505317752356770765e-06,5.506729208213121334e-06,5.508140615378642669e-06,5.509551973836215386e-06
5.382180235292980533e-06,5.426727291371026757e-06,5.428118598163499891e-06,5.429509856960129241e-06,5.430901067744039371e-06
5.305347608590032730e-06,5.349258738719555976e-06,5.350630184083763381e-06,5.352001582137193697e-06,5.353372932863212892e-06
5.229611796466916633e-06,5.272896078733197980e-06,5.274247946198638024e-06,5.275599767028590373e-06,5.276951541206659858e-06
5.154957141477783383e-06,5.197623524372881905e-06,5.198956093421557687e-06,5.200288616500398474e-06,5.201621093593242032e-06
5.081368209692821646e-06,5.123425513965562981e-06,5.124739060089761836e-06,5.126052560900277228e-06,5.127366016381178161e-06
5.008829787507688640e-06,5.050286707987259159e-06,5.051581502746506307e-06,5.052876252838857573e-06,5.054170958248609816e-06
4.937326878498265038e-06,4.978191985891769924e-06,4.979468296968971505e-06,4.980744564016834670e-06,4.982020787019879045e-06
4.866844700320065460e-06,4.907126442984407277e-06,4.908384534241191254e-06,4.909642582097093757e-06,4.910900586536856334e-06
4.797368681652468854e-06,4.837075387340960833e-06,4.838315518872225908e-06,4.839555607622096372e-06,4.840795653575533156e-06
4.728884459186109449e-06,4.768024336770136862e-06,4.769246764957822979e-06,4.770469150974762559e-06,4.771691494806129138e-06
4.661377874653583280e-06,4.699959015819698328e-06,4.701163993385794837e-06,4.702368929383076069e-06,4.703573823796927317e-06
4.594834971901877005e-06,4.632865352824631288e-06,4.634053128883420250e-06,4.635240863966734585e-06,4.636428558060168803e-06
4.529241994008034376e-06,4.566729476999007204e-06,4.567900297108566376e-06,4.569071076827524630e-06,4.570241816141679764e-06
4.464585380434113180e-06,4.501537715567310193e-06,4.502691821780280798e-06,4.503845888179174989e-06,4.504999914749993854e-06
4.400851764224296459e-06,4.437276590938408166e-06,4.438414221852033363e-06,4.439551813519878573e-06,4.440689365928145631e-06
4.338027969241203576e-06,4.373932817918960119e-06,4.375054208724415355e-06,4.376175560844275844e-06,4.377296874264941626e-06
4.276101007442045712e-06,4.311493300967049869e-06,4.312598683498063418e-06,4.313704027895672316e-06,4.314809334146471420e-06
4.215058076193212088e-06,4.249945131484509710e-06,4.251034734265292880e-06,4.252124299456981546e-06,4.253213827046360302e-06
4.154886555623710442e-06,4.189275585148493043e-06,4.190349633440985129e-06,4.191423644680923027e-06,4.192497618855280218e-06
4.095574006016230163e-06,4.129472119280932237e-06,4.130530835131369550e-06,4.131589514458135813e-06,4.132648157248390005e-06
4.037108165235040351e-06,4.070522370255127883e-06,4.071565972539950393e-06,4.072609538822436231e-06,4.073653069089928185e-06
3.979476946191339438e-06,4.012414150940152137e-06,4.013442855411252817e-06,4.014471524393911716e-06,4.015500157875651191e-06
3.922668434344043816e-06,3.955135448180924851e-06,3.956149467510256132e-06,3.957163451857702675e-06,3.958177401210968100e-06
3.866670885236692261e-06,3.898674420314740081e-06,3.899673964138275705e-06,3.900673473479257594e-06,3.901672948325562166e-06
3.811472722069734737e-06,3.843019394723481475e-06,3.844004669684564252e-06,3.844989910655294823e-06,3.845975117623724093e-06
3.757062533306703355e-06,3.788158865419943444e-06,3.789130075211998586e-06,3.790101251498879453e-06,3.791072394268807204e-06
3.703429070315241712e-06,3.734081490669359258e-06,3.735038836078010972e-06,3.735996148459741848e-06,3.736953427802939488e-06
3.650561245041586945e-06,3.680776090644633008e-06,3.681719769589212501e-06,3.682663415978297084e-06,3.683607029800441646e-06
3.598448127718291053e-06,3.628231645115087388e-06,3.629161852689550486e-06,3.630092028173216617e-06,3.631022171554804151e-06
3.547078944604423815e-06,3.576437291167953116e-06,3.577354219681213006e-06,3.578271116561742031e-06,3.579187981798418224e-06
3.496443075758391556e-06,3.525382320962765155e-06,3.526286159978451270e-06,3.527189967812933949e-06,3.528093744455250892e-06
3.446530052842434950e-06,3.475056179517689967e-06,3.475947115893337655e-06,3.476838021532865110e-06,3.477728896425465886e-06
3.397329556958205306e-06,3.425448462527170957e-06,3.426326680452851690e-06,3.427204868081141799e-06,3.428083025401390693e-06
3.348831416513701824e-06,3.376548914211233892e-06,3.377414595247634057e-06,3.378280246419112364e-06,3.379145867715169415e-06
3.301025605120284030e-06,3.328347425195075021e-06,3.329200748311032609e-06,3.330054041988364350e-06,3.330907306216720349e-06
3.253902239519799195e-06,3.280834030419037772e-06,3.281675172028540773e-06,3.282516284619629279e-06,3.283357368182101200e-06
3.207451577541515993e-06,3.233998907078643866e-06,3.234828041077303512e-06,3.235657146471761750e-06,3.236486223251962605e-06
3.161664016087821712e-06,3.187832372593602284e-06,3.188649670394601127e-06,3.189466939999700629e-06,3.190284181398987541e-06
3.116530089149067555e-06,3.142324882606240344e-06,3.143130513175773382e-06,3.143936115951880290e-06,3.144741690924790119e-06
3.072040465846468947e-06,3.097467029008193063e-06,3.098261158900396416e-06,3.099055261395903120e-06,3.099849336485081138e-06
3.028185948503180271e-06,3.053249537995523608e-06,3.054032331386909374e-06,3.054815097772665131e-06,3.055597837143296064e-06
2.984957470742657626e-06,3.009663268151335897e-06,3.010434886874733182e-06,3.011206478977984729e-06,3.011978044451732518e-06
2.942346095614342199e-06,2.966699208555949223e-06,2.967459812133960673e-06,2.968220389471810025e-06,2.968980940560270971e-06
2.900343013746106074e-06,2.924348476924055964e-06,2.925098222602038689e-06,2.925847942414417709e-06,2.926597636352099700e-06
2.858939541522995019e-06,2.882602317768388458e-06,2.883341360546960613e-06,2.884080377829141831e-06,2.884819369605968807e-06
2.818127119291899387e-06,2.841452100589519808e-06,2.842180593256606392e-06,2.842909060791245414e-06,2.843637503184601050e-06
2.777897309592089575e-06,2.800889318091772364e-06,2.801607411254192348e-06,2.802325479642912869e-06,2.803043523249224734e-06
2.738241795410790638e-06,2.760905584424338982e-06,2.761613426538940969e-06,2.762321244233471279e-06,2.763029037499344809e-06
2.699152378463782060e-06,2.721492633447660269e-06,2.722190370852013889e-06,2.722888084184876571e-06,2.723585773437785608e-06
2.660620977500431044e-06,2.682642317024421263e-06,2.683330093967071916e-06,2.684017847181836898e-06,2.684705576660372935e-06
2.622639626633077988e-06,2.644346603335118842e-06,2.645024562005408340e-06,2.645702497286512268e-06,2.646380409170207206e-06
2.585200473690132968e-06,2.606597575217520548e-06,2.607265855774982973e-06,2.607934113277125911e-06,2.608602347715843680e-06
2.548295778592748104e-06,2.569387428529901742e-06,2.570046169133240864e-06,2.570704887010360751e-06,2.571363582153271765e-06
2.511917911754632984e-06,2.532708470537618940e-06,2.533357807373269322e-06,2.534007121807103923e-06,2.534656413831246607e-06
2.476059352504807321e-06,2.496553118322809689e-06,2.497193185633092908e-06,2.497833230861333071e-06,2.498473253999767122e-06
2.440712687532677582e-06,2.460913897216592181e-06,2.461544827327469017e-06,2.462175735671511285e-06,2.462806622241066891e-06
2.405870609355490115e-06,2.425783439253838293e-06,2.426405362602265774e-06,2.427027264494569008e-06,2.427649144923203472e-06
2.371525914807550898e-06,2.391154481649888593e-06,2.391767526810787409e-06,2.392380550821835116e-06,2.392993553675596880e-06
2.337671503551184820e-06,2.357019865299193642e-06,2.357624159012026766e-06,2.358228431876912075e-06,2.358832683886519769e-06
2.304300376608658601e-06,2.323372533295070977e-06,2.323968200490047900e-06,2.324563847134670599e-06,2.325159473221713882e-06
2.271405634915334163e-06,2.290205529470896690e-06,2.290792693294800304e-06,2.291379836861695414e-06,2.291966960164460168e-06
2.238980477893342235e-06,2.257511996961967997e-06,2.258090778803614285e-06,2.258669540677410484e-06,2.259248282576336807e-06
2.207018202045589393e-06,2.225285176787870357e-06,2.225855696303203019e-06,2.226426196135717261e-06,2.226996676278492822e-06
2.175512199570063404e-06,2.193518406455325848e-06,2.194080781592155166e-06,2.194643137327128585e-06,2.195205473653424950e-06
2.144455956993500476e-06,2.162205118580533468e-06,2.162759465602918571e-06,2.163313793500400868e-06,2.163868102266255764e-06
2.113843053825037399e-06,2.131338839531694647e-06,2.131885273043982311e-06,2.132431687704365887e-06,2.132978083506217766e-06
2.083667161228705084e-06,2.100913188090508496e-06,2.101451821061023803e-06,2.101990435448737813e-06,2.102529031247116939e-06
2.053922040715079455e-06,2.070921874132998029e-06,2.071452817917400459e-06,2.071983743384263088e-06,2.072514650527145926e-06
2.024601542851508609e-06,2.041358697329060066e-06,2.041882061693365000e-06,2.042405408001605394e-06,2.042928736247432734e-06
1.995699605990870954e-06,2.012217545860707014e-06,2.012733439003978175e-06,2.013249314348927180e-06,2.013765171889296998e-06
1.967210255018323039e-06,1.983492395158434324e-06,1.984000923735152221e-06,1.984509434767612106e-06,1.985017928249645462e-06
1.939127600116022711e-06,1.955177306655722493e-06,1.955678575797834804e-06,1.956179827646126253e-06,1.956681062194516838e-06
1.911445835545566681e-06,1.927266426561401292e-06,1.927760539900057311e-06,1.928254636191754714e-06,1.928748715430501167e-06
1.884159238447598091e-06,1.899753984649314229e-06,1.900241044336288441e-06,1.900728087219643263e-06,1.901215113293471275e-06
1.857262167658780796e-06,1.872634293065507479e-06,1.873114399794319696e-06,1.873594489959378278e-06,1.874074563554859660e-06
1.830749062545492385e-06,1.845901745152265881e-06,1.846374998178997710e-06,1.846848234878417315e-06,1.847321455244784777e-06
1.804614441854326140e-06,1.819550814289106955e-06,1.820017311452921382e-06,1.820483792522490630e-06,1.820950257492156096e-06
1.778852902578706107e-06,1.793576052750000475e-06,1.794035890493369649e-06,1.794495712372233543e-06,1.794955518381014658e-06
1.753459118842135359e-06,1.767972090577394652e-06,1.768425363966037981e-06,1.768878621716636429e-06,1.769331863823692329e-06
1.728427840796944103e-06,1.742733634471830481e-06,1.743180437214367700e-06,1.743627224542088373e-06,1.744073996449572758e-06
1.703753893539085682e-06,1.717855466697769776e-06,1.718295891165095137e-06,1.718736300437645534e-06,1.719176694510078944e-06
1.679432176038161167e-06,1.693332444004752392e-06,1.693766581249130380e-06,1.694200703515634191e-06,1.694634810798998032e-06
1.655457660082924960e-06,1.669159496564181829e-06,1.669587436338071205e-06,1.670015361347891283e-06,1.670443271588451445e-06
1.631825389241733116e-06,1.645331626921165376e-06,1.645753457695774909e-06,1.646175273917067954e-06,1.646597075579928219e-06
1.608530477837899869e-06,1.621843908961394582e-06,1.622259717944972827e-06,1.622675512582979367e-06,1.623091292870370544e-06
1.585568109939582889e-06,1.598691486892662898e-06,1.599101360048527923e-06,1.599511219063600351e-06,1.599921063932908734e-06
1.562933538364200241e-06,1.575869574241048615e-06,1.576273596305359388e-06,1.576677604430733775e-06,1.577081598612271053e-06
1.540622083696984951e-06,1.553373452861343431e-06,1.553771707360618157e-06,1.554169948119931524e-06,1.554568175134452690e-06
1.518629133323553740e-06,1.531198471961612906e-06,1.531591041229997486e-06,1.531983596954555421e-06,1.532376139130524479e-06
1.496950140476390175e-06,1.509340047141793527e-06,1.509727012338082898e-06,1.510113964183880259e-06,1.510500902674491776e-06
1.475580623294732968e-06,1.487793659445789783e-06,1.488175100570205734e-06,1.488556528534705312e-06,1.488937943334661176e-06
1.454516163898104251e-06,1.466554854427343784e-06,1.466930850338075605e-06,1.467306833276745597e-06,1.467682803238793332e-06
1.433752407472923674e-06,1.445619241229084928e-06,1.445989869658590769e-06,1.446360485301208464e-06,1.446731088152442387e-06
1.413285061372191996e-06,1.424982491674759815e-06,1.425347829245838291e-06,1.425713154212558715e-06,1.426078466570489835e-06
1.393109894228094695e-06,1.404640339374498223e-06,1.405000461616128139e-06,1.405360571433324836e-06,1.405720668821720167e-06
1.373222735077168757e-06,1.384588578842731836e-06,1.384943560205687666e-06,1.385298529321566484e-06,1.385653486186062820e-06
1.353619472498008744e-06,1.364823064628765539e-06,1.365172978501008439e-06,1.365522880300999384e-06,1.365872770024493894e-06
1.334296053761324283e-06,1.345339710459802844e-06,1.345684629181653759e-06,1.346029536003581786e-06,1.346374430921403427e-06
1.315248483992038772e-06,1.326134488396105698e-06,1.326474483275199736e-06,1.326814466424240377e-06,1.327154437839103631e-06
1.296472825343390325e-06,1.307203427998259453e-06,1.307538569324288487e-06,1.307873699087708775e-06,1.308208817284455405e-06
1.277965196182902834e-06,1.288542615506412338e-06,1.288872972565656498e-06,1.289203318227346444e-06,1.289533652487475078e-06
1.259721770289850832e-06,1.270148193031091335e-06,1.270473834120742963e-06,1.270799463975538891e-06,1.271125082591529404e-06
1.241738776064242745e-06,1.252016357755640823e-06,1.252337350197924308e-06,1.252658331565728040e-06,1.252979301855158633e-06
1.224012495747066289e-06,1.234143361150012739e-06,1.234459771306102110e-06,1.234776170545798782e-06,1.235092558865264212e-06
1.206539264651746887e-06,1.216525508195868017e-06,1.216837401479606973e-06,1.217149284002782940e-06,1.217461155761613068e-06
1.189315470406472043e-06,1.199159156622625287e-06,1.199466597514049867e-06,1.199774027798517281e-06,1.200081447472298469e-06
1.172337552207400717e-06,1.182040716154491787e-06,1.182343768213161606e-06,1.182646809816287329e-06,1.182949840960193045e-06
1.155602000082483910e-06,1.165166647768188696e-06,1.165465373646326337e-06,1.165764089218171958e-06,1.166062794480101740e-06
1.139105354165857279e-06,1.148533462961341248e-06,1.148827924416785723e-06,1.149122375713059329e-06,1.149416816846590130e-06
1.122844203982528375e-06,1.132137723031242040e-06,1.132427980940215903e-06,1.132718228835039833e-06,1.133008466712193560e-06
1.106815187743299011e-06,1.115976038363938815e-06,1.116262152733633383e-06,1.116548257232129438e-06,1.116834351855956264e-06
1.091014991649808604e-06,1.100045067733528580e-06,1.100327097714510419e-06,1.100609117965204029e-06,1.100891128482188668e-06
1.075440349209378123e-06,1.084341517611325996e-06,1.084619521509764694e-06,1.084897515816814377e-06,1.085175500529103010e-06
1.060088040559747161e-06,1.068862141485014495e-06,1.069136176774737417e-06,1.069410202609987849e-06,1.069684218987441822e-06
1.044954891803379520e-06,1.053603739187440207e-06,1.053873862521814468e-06,1.054143976536678022e-06,1.054414081228754334e-06
1.030037774351341328e-06,1.038563156235063148e-06,1.038829423458707109e-06,1.039095681495876205e-06,1.039361930343340276e-06
1.015333604276446537e-06,1.023737283175742685e-06,1.023999749336072710e-06,1.024262206441064028e-06,1.024524654487532854e-06
1.000839341675745414e-06,1.009123054945956430e-06,1.009381774304565711e-06,1.009640484737100712e-06,1.009899186240423389e-06
9.865519900420328673e-07,9.947174502371012150e-07,9.949724762809785139e-07,9.952274935262011234e-07,9.954825019696752555e-07
9.724685956443632789e-07,9.805174908708833787e-07,9.807688763234708307e-07,9.810202531030039681e-07,9.812716212064334721e-07
9.585862469173994655e-07,9.665202411836124197e-07,9.667680380157051528e-07,9.670158262985509889e-07,9.672636060291442316e-07
9.449020738595057718e-07,9.527228074193135378e-07,9.529670668598039680e-07,9.532113178730877964e-07,9.534555604562023137e-07
9.314132474393829622e-07,9.391223371314498404e-07,9.393631096779187600e-07,9.396038739174794499e-07,9.398446298472113406e-07
9.181169790112066875e-07,9.257160185932201217e-07,9.259533540223768041e-07,9.261906812632060578e-07,9.264280003128291354e-07
9.050105197381092273e-07,9.125010802162697976e-07,9.127350275942418592e-07,9.129689669007749212e-07,9.132028981330311057e-07
8.920911600239121790e-07,8.994747899777206563e-07,8.997053976701986526e-07,8.999359974064574235e-07,9.001665891836995370e-07
8.793562289529292539e-07,8.866344548553351963e-07,8.868617705375714222e-07,8.870890783771632591e-07,8.873163783713535087e-07
8.668030937377782994e-07,8.739774202707590113e-07,8.742014909374233648e-07,8.744255538733971563e-07,8.746496090759624686e-07
8.544291591751178432e-07,8.615010695407540838e-07,8.617219415156501693e-07,8.619428058702113803e-07,8.621636626017585514e-07
8.422318671090971435e-07,8.492028233362057242e-07,8.494205422818475127e-07,8.496382537159348446e-07,8.498559576358267770e-07
8.302086959025039686e-07,8.370801391488952135e-07,8.372947500759472247e-07,8.375093535986723741e-07,8.377239497144673061e-07
8.183571599154271468e-07,8.251305107658452376e-07,8.253420580424278324e-07,8.255535980203803600e-07,8.257651306971369459e-07
8.066748089913920648e-07,8.133514677512030692e-07,8.135599951120651809e-07,8.137685152784854544e-07,8.139770282479343316e-07
7.951592279508294594e-07,8.017405749355184514e-07,8.019461254910789218e-07,8.021516689548986047e-07,8.023572053244838351e-07
7.838080360917540480e-07,7.902954319122870143e-07,7.904980481575477089e-07,7.907006574123023470e-07,7.909032596740930506e-07
7.726188866976029166e-07,7.790136725417175041e-07,7.792133963650478916e-07,7.794131132976620209e-07,7.796128233371371662e-07
7.615894665520436128e-07,7.678929644615209173e-07,7.680898371533186630e-07,7.682867030527653457e-07,7.684835621574727559e-07
7.507174954607914361e-07,7.569310086047741585e-07,7.571250708660007819e-07,7.573191264318373685e-07,7.575131752999301194e-07
7.400007257801724993e-07,7.461255387245770089e-07,7.463168306751726264e-07,7.465081160259553930e-07,7.466993947746048620e-07
7.294369419524666520e-07,7.354743209255520624e-07,7.356628821127298514e-07,7.358514367943075114e-07,7.360399849679976299e-07
7.190239600478766389e-07,7.249751532020221399e-07,7.251610226084439008e-07,7.253468856021332723e-07,7.255327421808357701e-07
7.087596273130017279e-07,7.146258649827452204e-07,7.148090810345807897e-07,7.149922907652261023e-07,7.151754941724588614e-07
6.986418217258021534e-07,7.044243166821973612e-07,7.046049172570685094e-07,7.047855116009847736e-07,7.049660997117557268e-07
6.886684515569111176e-07,6.943683992582542104e-07,6.945464216930655677e-07,6.947244379858695003e-07,6.949024481345066035e-07
6.788374549371456970e-07,6.844560337761183284e-07,6.846315148747762902e-07,6.848069899191045840e-07,6.849824589069744044e-07
6.691467994313041096e-07,6.746851709785949159e-07,6.748581470196165395e-07,6.750311170927343372e-07,6.752040811958503145e-07
6.595944816179435639e-07,6.650537908623863458e-07,6.652242976063990862e-07,6.653947984677004571e-07,6.655652934442221099e-07
6.501785266751948068e-07,6.555599022604805682e-07,6.557279749576157112e-07,6.558960418560157074e-07,6.560641029536416426e-07
6.408969879725236882e-07,6.462015424305351322e-07,6.463672158277150300e-07,6.465328835089372406e-07,6.466985454721921782e-07
6.317479466682617628e-07,6.369767766490739706e-07,6.371400849971959408e-07,6.373033877109560721e-07,6.374666847883732605e-07
6.227295113129334550e-07,6.278836978115343246e-07,6.280446748725512097e-07,6.282056463796372224e-07,6.283666123308398459e-07
6.138398174582085814e-07,6.189204260379803182e-07,6.190791050918804610e-07,6.192377786711327564e-07,6.193964467738123220e-07
6.050770272714235861e-07,6.100851082844327849e-07,6.102415221361203709e-07,6.103979305913111809e-07,6.105543336481080729e-07
5.964393291556815459e-07,6.013759179598287923e-07,6.015300989459057254e-07,6.016842746125215172e-07,6.018384449578059192e-07
5.879249373753069070e-07,5.927910545483735916e-07,5.929430345438247010e-07,5.930950092957506435e-07,5.932469788023078520e-07
5.795320916866555869e-07,5.843287432372951535e-07,5.844785536620781105e-07,5.846283589181877786e-07,5.847781590038068488e-07
5.712590569742277142e-07,5.759872345499462357e-07,5.761349063754870256e-07,5.762825731061378727e-07,5.764302347401075140e-07
5.631041228919414465e-07,5.677648039841078678e-07,5.679103677397037240e-07,5.680559264731399096e-07,5.682014801826505727e-07
5.550656035095337725e-07,5.596597516554639725e-07,5.598032374345951480e-07,5.599467182632585686e-07,5.600901941397137935e-07
5.471418369640193716e-07,5.516704019461747008e-07,5.518118394127258197e-07,5.519532719994777777e-07,5.520946997047149097e-07
5.393311851161412500e-07,5.437951031584865444e-07,5.439345215528791200e-07,5.440739351371324184e-07,5.442133439095551268e-07
5.316320332116727587e-07,5.360322271732262264e-07,5.361696553184641474e-07,5.363070787222280467e-07,5.364444973828508574e-07
5.240427895476134493e-07,5.283801691132384068e-07,5.285156354208660732e-07,5.286510970547049558e-07,5.287865540131118109e-07
5.165618851431186803e-07,5.208373470115889015e-07,5.209708794875656091e-07,5.211044073564724124e-07,5.212379306166897846e-07
5.091877734151276085e-07,5.134022014845084259e-07,5.135338277349978372e-07,5.136654494441840527e-07,5.137970666104704155e-07
5.019189298586229685e-07,5.060731954090062441e-07,5.062029426460838017e-07,5.063326854066859362e-07,5.064624236892387543e-07
4.947538517314506428e-07,4.988488136050799238e-07,4.989767086523586319e-07,4.991045992870642000e-07,4.992324855076452871e-07
4.876910577436845161e-07,4.917275625225124107e-07,4.918536318206880419e-07,4.919796967692807734e-07,4.921057573667613931e-07
4.807290877513511137e-07,4.847079699320580037e-07,4.848322395443757437e-07,4.849565048692015930e-07,4.850807659050280447e-07
4.738665024545696651e-07,4.777885846210852054e-07,4.779110802387276296e-07,4.780335716300827523e-07,4.781560587936646659e-07
4.671018831000008108e-07,4.709679760935632640e-07,4.710887230409617639e-07,4.712094658224038897e-07,4.713302044364249097e-07
4.604338311875512805e-07,4.642447342743398899e-07,4.643637575144101831e-07,4.644827766479938091e-07,4.646017916736470000e-07
4.538609681812234202e-07,4.576174692175952680e-07,4.577347933568982116e-07,4.578521134483352559e-07,4.579694294904831737e-07
4.473819352241286811e-07,4.510848108194983591e-07,4.512004601133269117e-07,4.513161054170735174e-07,4.514317467293353308e-07
4.409953928575799419e-07,4.446454085349748060e-07,4.447594068923686217e-07,4.448734013166396445e-07,4.449873918064050402e-07
4.347000207441447696e-07,4.382979310984659517e-07,4.384103020871543466e-07,4.385226691988658981e-07,4.386350324322375714e-07
4.284945173947045633e-07,4.320410662487308529e-07,4.321518331000049387e-07,4.322625961296467317e-07,4.323733553363125727e-07
4.223775998993847449e-07,4.258735204575488263e-07,4.259827060710643991e-07,4.260918879175022124e-07,4.262010659955377713e-07
4.163480036623235971e-07,4.197940186622925660e-07,4.199016456108043848e-07,4.200092688460141306e-07,4.201168883666163140e-07
4.104044821402311500e-07,4.138013040023233899e-07,4.139073945363516930e-07,4.140134814100860920e-07,4.141195646222395204e-07
4.045458065846907359e-07,4.078941375591602307e-07,4.079987136115908658e-07,4.081032860559789418e-07,4.082078548910559210e-07
3.987707657881212092e-07,4.020712981003386725e-07,4.021743812909573701e-07,4.022774609250390410e-07,4.023805370013330939e-07
3.930781658333850601e-07,3.963315818269473281e-07,3.964331934669093882e-07,3.965348016011046234e-07,3.966364062283003363e-07
3.874668298469441144e-07,3.906738021247394894e-07,3.907739632209754646e-07,3.908741208614900743e-07,3.909742750450683029e-07
3.819355977555814008e-07,3.850967893188428679e-07,3.851955205784016191e-07,3.852942484315700450e-07,3.853929728771505997e-07
3.764833260465438666e-07,3.795993904319153828e-07,3.796967122662449309e-07,3.797940307428110445e-07,3.798913458604332774e-07
3.711088875311467053e-07,3.741804689457937958e-07,3.742764014749610805e-07,3.743723306942977842e-07,3.744682566026401894e-07
3.658111711117521048e-07,3.688389045665444527e-07,3.689334676233951649e-07,3.690280274176637997e-07,3.691225839482032626e-07
3.605890815520522706e-07,3.635735929928440304e-07,3.636668061271026217e-07,3.637600160453530834e-07,3.638532227464647324e-07
3.554415392506324791e-07,3.583834456876677878e-07,3.584753281699789298e-07,3.585672074821911808e-07,3.586590836231898985e-07
3.503674800177982773e-07,3.532673896532715576e-07,3.533579604791844787e-07,3.534485281802522499e-07,3.535390927553763753e-07
3.453658548555568749e-07,3.482243672093505884e-07,3.483136451032458657e-07,3.484029199169039774e-07,3.484921916492418331e-07
3.404356297407467992e-07,3.432533357743744420e-07,3.433413391933353655e-07,3.434293395760300860e-07,3.435173369213910773e-07
3.355757854112706546e-07,3.383532676500508311e-07,3.384400147876788104e-07,3.385267589323839510e-07,3.386135000831139730e-07
3.307853171553834483e-07,3.335231498088702742e-07,3.336086585990463535e-07,3.336941644390242534e-07,3.337796673277666233e-07
3.260632346039718945e-07,3.287619836846651823e-07,3.288462718052576618e-07,3.289305570177665990e-07,3.290148393211696249e-07
3.214085615257957933e-07,3.240687849661563777e-07,3.241518698426752847e-07,3.242349518526242636e-07,3.243180309949953979e-07
3.168203356256910604e-07,3.194425833934873622e-07,3.195244822026872529e-07,3.196063781862380652e-07,3.196882713431464413e-07
3.122976083456051282e-07,3.148824225576115523e-07,3.149631522310422735e-07,3.150438791191607899e-07,3.151246032209877728e-07
3.078394446685122077e-07,3.103873597025854183e-07,3.104669369300928420e-07,3.105465114120489522e-07,3.106260831474885018e-07
3.034449229251023164e-07,3.059564655306573629e-07,3.060349067638335101e-07,3.061133452906517230e-07,3.061917811101605187e-07
2.991131346032227416e-07,3.015888240101306315e-07,3.016661454657149331e-07,3.017434642535752143e-07,3.018207803727735447e-07
2.948431841600821010e-07,2.972835321860155556e-07,2.973597498492475148e-07,2.974359648828377900e-07,2.975121772858619508e-07
2.906341888370869812e-07,2.930396999933314213e-07,2.931148296212553652e-07,2.931899566570763255e-07,2.932650810998830535e-07
2.864852784773520250e-07,2.888564500731073546e-07,2.889305071978297527e-07,2.890045617674521721e-07,2.890786137810762285e-07
2.823955953458092968e-07,2.847329175910026038e-07,2.848059175229035934e-07,2.848789149361792195e-07,2.849519098299439619e-07
2.783642939518627716e-07,2.806682500584919554e-07,2.807402078893901742e-07,2.808121632376170368e-07,2.808841161022996230e-07
2.743905408746236797e-07,2.766616071566569402e-07,2.767325377629297838e-07,2.768034659219719768e-07,2.768743916329230927e-07
2.704735145905864708e-07,2.727121605624334356e-07,2.727820786080924756e-07,2.728519942414556273e-07,2.729219074616748517e-07
2.666124053037995554e-07,2.688190937773776029e-07,2.688880137171001177e-07,2.689569312789629744e-07,2.690258464621300457e-07
2.628064147784488720e-07,2.649816019588637081e-07,2.650495380409812797e-07,2.651174717791836681e-07,2.651854031726467102e-07
2.590547561738353815e-07,2.611988917536961469e-07,2.612658580231399536e-07,2.613328219821286018e-07,2.613997836298496812e-07
2.553566538816989486e-07,2.574701811340859079e-07,2.575361914352906704e-07,2.576021994590225728e-07,2.576682052044808513e-07
2.517113433658725166e-07,2.537946992359782412e-07,2.538597672157441885e-07,2.539248329505487296e-07,2.539898964396025887e-07
2.481180710042349710e-07,2.501716861996981793e-07,2.502358253100124096e-07,2.502999622074126194e-07,2.503640968911208089e-07
2.445760939328912763e-07,2.466003930128391608e-07,2.466636165136566621e-07,2.467268378331500250e-07,2.467900569705524198e-07
2.410846798926042377e-07,2.430800813554250893e-07,2.431424023174100560e-07,2.432047211292098800e-07,2.432670377900685843e-07
2.376431070774156849e-07,2.396100234472786498e-07,2.396714547545067292e-07,2.397328839422441811e-07,2.397943110097457225e-07
2.342506639854059364e-07,2.361895018975444757e-07,2.362500562501663958e-07,2.363106085135538905e-07,2.363711586869724236e-07
2.309066492716162171e-07,2.328178095563955441e-07,2.328774994732625978e-07,2.329371873307196269e-07,2.329968731280425504e-07
2.276103716030411963e-07,2.294942493688244100e-07,2.295530871900767234e-07,2.296119229813175934e-07,2.296707567418333154e-07
2.243611495157136187e-07,2.262181342305456964e-07,2.262761321201632800e-07,2.263341280087483496e-07,2.263921218955974179e-07
2.211583112738150906e-07,2.229887868459404373e-07,2.230459567942579475e-07,2.231031247701082564e-07,2.231602907727978557e-07
2.180011947308034138e-07,2.198055395880339343e-07,2.198618934142196477e-07,2.199182452960955997e-07,2.199745952329782875e-07
2.148891471925283819e-07,2.166677343604790967e-07,2.167232837149782033e-07,2.167788311529230975e-07,2.168343766736400176e-07
2.118215252822874145e-07,2.135747224614945482e-07,2.136294788284378479e-07,2.136842333061862847e-07,2.137389858940756525e-07
2.087976948078162380e-07,2.105258644497544821e-07,2.105798391493325657e-07,2.106338119866845477e-07,2.106877829611557248e-07
2.058170306301848355e-07,2.075205300122001976e-07,2.075737342030037188e-07,2.076269365581649235e-07,2.076801370770384521e-07
2.028789165345453003e-07,2.045580978337169331e-07,2.046105425150435298e-07,2.046629853869321242e-07,2.047154264487465152e-07
1.999827451027545723e-07,2.016379554687040048e-07,2.016896514828322911e-07,2.017413457133527654e-07,2.017930381596383851e-07
1.971279175877812357e-07,1.987594992144402576e-07,1.988104572488712847e-07,1.988614135251559927e-07,1.989123680426762855e-07
1.943138437899345506e-07,1.959221339862902245e-07,1.959723645759569929e-07,1.960225934325755046e-07,1.960728205555364254e-07
1.915399419348367574e-07,1.931252731946651532e-07,1.931747867241106249e-07,1.932242985452476078e-07,1.932738086574754232e-07
1.888056385531576327e-07,1.903683386237631716e-07,1.904171453292871290e-07,1.904659503508891261e-07,1.905147536879771663e-07
1.861103683620588617e-07,1.876507603120322406e-07,1.876988702838074652e-07,1.877469785956991804e-07,1.877950852471238334e-07
1.834535741483139464e-07,1.849719764343216652e-07,1.850193996184799417e-07,1.850668211664500586e-07,1.851142410776567216e-07
1.808347066531278190e-07,1.823314331857498543e-07,1.823781793864383288e-07,1.824249239742956830e-07,1.824716669487548549e-07
1.782532244585764842e-07,1.797285846672029893e-07,1.797746635486109598e-07,1.798207408402114096e-07,1.798668165414454028e-07
1.757085938756814093e-07,1.771628927724838189e-07,1.772083138608407008e-07,1.772537333820850129e-07,1.772991513356657601e-07
1.732002888340617245e-07,1.746338270770493280e-07,1.746785997625940326e-07,1.747233709033971808e-07,1.747681404989156130e-07
1.707277907731962095e-07,1.721408647283744201e-07,1.721849982672967800e-07,1.722291302835292128e-07,1.722732607765363144e-07
1.682905885352019986e-07,1.696834903378416607e-07,1.697269938541959834e-07,1.697704958695971769e-07,1.698139963835175660e-07
1.658881782591622703e-07,1.672611958741949618e-07,1.673040783617862399e-07,1.673469593698509606e-07,1.673898388978689134e-07
1.635200632769680093e-07,1.648734805585197521e-07,1.649157508827631385e-07,1.649580197486006281e-07,1.650002871555194485e-07
1.611857540106239695e-07,1.625198507606977780e-07,1.625615176604513536e-07,1.626031831226181495e-07,1.626448471466927780e-07
1.588847678710442251e-07,1.601998198973660773e-07,1.602408919867373871e-07,1.602819626590439372e-07,1.603230319137874871e-07
1.566166291582849770e-07,1.579129083313237166e-07,1.579533941014508416e-07,1.579938784747422330e-07,1.580343614507067442e-07
1.543808689631866369e-07,1.556586432723592419e-07,1.556985510931660630e-07,1.557384575370774180e-07,1.557783626036091215e-07
1.521770250704494886e-07,1.534365586795251517e-07,1.534758968014518649e-07,1.535152335661386439e-07,1.535545689731083177e-07
1.500046418630648923e-07,1.512461951647772591e-07,1.512849717204858760e-07,1.513237469383295637e-07,1.513625208178379808e-07
1.478632702281239774e-07,1.490870998980039807e-07,1.491253229040597948e-07,1.491635445913491287e-07,1.492017649594082847e-07
1.457524674639735138e-07,1.469588265134140027e-07,1.469965038719429154e-07,1.470341799305310786e-07,1.470718546887214916e-07
1.436717971886876492e-07,1.448609350172502148e-07,1.448980745175722647e-07,1.449352127365106542e-07,1.449723496736148145e-07
1.416208292498574179e-07,1.427929916968328239e-07,1.428296010170727144e-07,1.428662090742210443e-07,1.429028158678337568e-07
1.395991396356543726e-07,1.407545690308863322e-07,1.407906557395606384e-07,1.408267412031743862e-07,1.408628254212898714e-07
1.376063103871772326e-07,1.387452456011613895e-07,1.387808171587432933e-07,1.388163874890383016e-07,1.388519565916148777e-07
1.356419295120438294e-07,1.367646060053112085e-07,1.367996697657729716e-07,1.368347323164676835e-07,1.368697936569700541e-07
1.337055908992152471e-07,1.348122407710107081e-07,1.348468039833438053e-07,1.348813660031796883e-07,1.349159268300990495e-07
1.317968942350381018e-07,1.328877462713039882e-07,1.329218160810179585e-07,1.329558847152579329e-07,1.329899521736106651e-07
1.299154449204814554e-07,1.309907246411559939e-07,1.310243080917555072e-07,1.310578903836612766e-07,1.310914715164659587e-07
1.280608539895662192e-07,1.291207836952073891e-07,1.291538877296485076e-07,1.291869906219366091e-07,1.292200923716701209e-07
1.262327380289419962e-07,1.272775368466848375e-07,1.273101683088103657e-07,1.273427986450874409e-07,1.273754278551202867e-07
1.244307190986297314e-07,1.254606030274886048e-07,1.254927686634429529e-07,1.255249331896207156e-07,1.255570966056316755e-07
1.226544246538799584e-07,1.236696066094033283e-07,1.237013130690272039e-07,1.237330184347168691e-07,1.237647227060877444e-07
1.209034874681590015e-07,1.219041773264471441e-07,1.219354311646523140e-07,1.219666839245395169e-07,1.219979356057296792e-07
1.191775455572272822e-07,1.201639501983215353e-07,1.201947578764459717e-07,1.202255644916458092e-07,1.202563700435472679e-07
1.174762421043050833e-07,1.184485654549577818e-07,1.184789333421014867e-07,1.185093001814941555e-07,1.185396659727673952e-07
1.157992253863037875e-07,1.167576684621374892e-07,1.167876028364791935e-07,1.168175361780268225e-07,1.168474684864172505e-07
1.141461487011088931e-07,1.150909096481736016e-07,1.151204166982686977e-07,1.151499227303131873e-07,1.151794277439491193e-07
1.125166702959117095e-07,1.134479444316495846e-07,1.134770302577095696e-07,1.135061150802519424e-07,1.135351988989238606e-07
1.109104532965460701e-07,1.118284331501703087e-07,1.118571037653239108e-07,1.118857733912854114e-07,1.119144420277070241e-07
1.093271656378562682e-07,1.102320409901547579e-07,1.102603023216910494e-07,1.102885626781562581e-07,1.103168220592075871e-07
1.077664799950306375e-07,1.086584379175999268e-07,1.086862958081937298e-07,1.087141527376359145e-07,1.087420087055885411e-07
1.062280737159468729e-07,1.071072986098675898e-07,1.071347588187873979e-07,1.071622180802763435e-07,1.071896763940012912e-07
1.047116287544581543e-07,1.055783023884172459e-07,1.056053705927158747e-07,1.056324378631085072e-07,1.056595041992667857e-07
1.032168316046436957e-07,1.040711331525128469e-07,1.040978149482010640e-07,1.041244958233150938e-07,1.041511757775312637e-07
1.017433732359988007e-07,1.025854793138766668e-07,1.026117802170801468e-07,1.026380802128509040e-07,1.026643793008699248e-07
1.002909490295380587e-07,1.011210337322628780e-07,1.011469591803625330e-07,1.011728837339833520e-07,1.011988073928108607e-07
9.885925871483042203e-08,9.967749365197259001e-08,9.970304900472870228e-08,9.972860347577496047e-08,9.975415706480137701e-08
9.744800630791106986e-08,9.825456063925066397e-08,9.827975117991096329e-08,9.830494085144811961e-08,9.833012965355653932e-08
9.605690005009839135e-08,9.685194052059718954e-08,9.687677145698911565e-08,9.690160153666489327e-08,9.692643075932332276e-08
9.468565234767483748e-08,9.546934332194875913e-08,9.549381978755608027e-08,9.551829540867713813e-08,9.554277018501504765e-08
9.333397971242778882e-08,9.410648320872702438e-08,9.413061026375110341e-08,9.415473648634424940e-08,9.417886187621378599e-08
9.200160270304473567e-08,9.276307842674916157e-08,9.278686105915516075e-08,9.281064287101342416e-08,9.283442386203548415e-08
9.068824586733828561e-08,9.143885124397426599e-08,9.146229437052225079e-08,9.148573668823609198e-08,9.150917819683142471e-08
8.939363768530661040e-08,9.013352789309309982e-08,9.015663636035459757e-08,9.017974403032833427e-08,9.020285090273398172e-08
8.811751051299432561e-08,8.884683851492383171e-08,8.886961710028376570e-08,8.889239489973746742e-08,8.891517191300864530e-08
8.685960052716183689e-08,8.757851710262352194e-08,8.760097051526787831e-08,8.762342315322507290e-08,8.764587501622274491e-08
8.561964767074446494e-08,8.632830144669603034e-08,8.635043432858541655e-08,8.637256644684656931e-08,8.639469780121097918e-08
8.439739559909061583e-08,8.509593308078516344e-08,8.511775000761450985e-08,8.513956618171664568e-08,8.516138160282692607e-08
8.319259162695993845e-08,8.388115722823381735e-08,8.390266271037827480e-08,8.392416745054096840e-08,8.394567144846101201e-08
8.200498667628783493e-08,8.268372274941644846e-08,8.270492123286394508e-08,8.272611898492169250e-08,8.274731600533256330e-08
8.083433522469266020e-08,8.150338208982020222e-08,8.152427795709051386e-08,8.154517310341190881e-08,8.156606752853091248e-08
7.968039525471384479e-08,8.033989122886251051e-08,8.036048879991333454e-08,8.038108566030700984e-08,8.040168180979370138e-08
7.854292820378078207e-08,7.919300962944622978e-08,7.921331316256624899e-08,7.923361599517399338e-08,7.925391812702318810e-08
7.742169891489098645e-08,7.806250018822933083e-08,7.808251388091861155e-08,7.810252688309566193e-08,7.812253919451771441e-08
7.631647558799473005e-08,7.694812918660728749e-08,7.696785717644501185e-08,7.698758448562779888e-08,7.700731111391634851e-08
7.522702973207461690e-08,7.584966624239601440e-08,7.586911260789590427e-08,7.588855830245743642e-08,7.590800332584471220e-08
7.415313611790662165e-08,7.476688426220189415e-08,7.478605302365539266e-08,7.480522112374838499e-08,7.482438856224834736e-08
7.309457273149723266e-08,7.369955939447353356e-08,7.371845451478089008e-08,7.373734898316890199e-08,7.375624279940835423e-08
7.205112072818343797e-08,7.264747098322174958e-08,7.266609636871140491e-08,7.268472111158807987e-08,7.270334521162581518e-08
7.102256438739277506e-08,7.161040152240546863e-08,7.162876102364155540e-08,7.164711989143816096e-08,7.166547812557258182e-08
7.000869106804222864e-08,7.058813661096113280e-08,7.060623402353955405e-08,7.062433081172106048e-08,7.064242697528611175e-08
6.900929116457834567e-08,6.958046490847910684e-08,6.959830397381223262e-08,6.961614242366190364e-08,6.963398025781174269e-08
6.802415806364592820e-08,6.858717809151385105e-08,6.860476249760401837e-08,6.862234629699696399e-08,6.863992948947939442e-08
6.705308810137132806e-08,6.760807081051350036e-08,6.762540419271543545e-08,6.764273697688095484e-08,6.766006916279980908e-08
6.609588052125715375e-08,6.664294064736604355e-08,6.666002658913844479e-08,6.667711194141160924e-08,6.669419670397827852e-08
6.515233743267921769e-08,6.569158807355286490e-08,6.570843010719925226e-08,6.572527155976168839e-08,6.574211243103587954e-08
6.422226376997634048e-08,6.475381640890002636e-08,6.477041801629894996e-08,6.478701905090908804e-08,6.480361951252908498e-08
6.330546725212055787e-08,6.382943178091442600e-08,6.384579639423935147e-08,6.386216044295225779e-08,6.387852392685462164e-08
6.240175834296673812e-08,6.291824308470460765e-08,6.293437408713345181e-08,6.295050453301029825e-08,6.296663442213949560e-08
6.151095021206813636e-08,6.202006194347188850e-08,6.203596266988647007e-08,6.205186284769402443e-08,6.206776247670165308e-08
6.063285869605345247e-08,6.113470266956797963e-08,6.115037640724341136e-08,6.116604960414337665e-08,6.118172226007772983e-08
5.976730226054858403e-08,6.026198222610104715e-08,6.027743221538541364e-08,6.029288167161406609e-08,6.030833059459957198e-08
5.891410196265180282e-08,5.940172018910095405e-08,5.941694962408515596e-08,5.943217853362318268e-08,5.944740691753029501e-08
5.807308141393632184e-08,5.855373871021510866e-08,5.856875073939321092e-08,5.858376225062606472e-08,5.859877324373155799e-08
5.724406674398634090e-08,5.771786247994301280e-08,5.773266020686317620e-08,5.774745742323193438e-08,5.776225412886978255e-08
5.642688656444924623e-08,5.689391869139071610e-08,5.690850517529680490e-08,5.692309115593977686e-08,5.693767663314270137e-08
5.562137193360547962e-08,5.608173700454759852e-08,5.609611526101162951e-08,5.611049302139680581e-08,5.612487028552870480e-08
5.482735632144004299e-08,5.528114951106866607e-08,5.529532251261426451e-08,5.530949502516270001e-08,5.532366704854204473e-08
5.404467557521683607e-08,5.449199069956409354e-08,5.450596137628100897e-08,5.451993157098135850e-08,5.453390128349567597e-08
5.327316788553921090e-08,5.371409742137866991e-08,5.372786866152853042e-08,5.374163942654277658e-08,5.375540971625436423e-08
5.251267375289974072e-08,5.294730885686484561e-08,5.296088350747828298e-08,5.297445768973883483e-08,5.298803140348182603e-08
5.176303595470528033e-08,5.219146648213485631e-08,5.220484734960009466e-08,5.221822775539833662e-08,5.223160769936726950e-08
5.102409951277416785e-08,5.144641403628894537e-08,5.145960388693197240e-08,5.147279328249845539e-08,5.148598222282839774e-08
5.029571166129572773e-08,5.071199748910960668e-08,5.072499904976607973e-08,5.073800016184238748e-08,5.075100082518080975e-08
4.957772181524578867e-08,4.998806500921555457e-08,5.000088096779455398e-08,5.001369648419702335e-08,5.002651155826749241e-08
4.886998153925801098e-08,4.927446693267567897e-08,4.928709993871538816e-08,4.929973250889078257e-08,4.931236464304862862e-08
4.817234451693622704e-08,4.857105573206728253e-08,4.858350839728274703e-08,4.859596063285600886e-08,4.860841243863602485e-08
4.748466652060466466e-08,4.787768598597586687e-08,4.788996088479893146e-08,4.790223536011309277e-08,4.791450941176945169e-08
4.680680538149058080e-08,4.719421434893100830e-08,4.720631401904256474e-08,4.721841327169094866e-08,4.723051210672938512e-08
4.613862096033293957e-08,4.652049952177179845e-08,4.653242646462639005e-08,4.654435299597724179e-08,4.655627911567967645e-08
4.547997511841058994e-08,4.585640222243521242e-08,4.586815890377820721e-08,4.587991517949182091e-08,4.589167104943344096e-08
4.483073168898331915e-08,4.520178515716080020e-08,4.521337400753813270e-08,4.522496245807658662e-08,4.523655050863558097e-08
4.419075644914236697e-08,4.455651299210822065e-08,4.456793640736890079e-08,4.457935942849852651e-08,4.459078205535854175e-08
4.355991709205983308e-08,4.392045232537691102e-08,4.393171266716829356e-08,4.394297262045498509e-08,4.395423218510039494e-08
4.293808319963620974e-08,4.329347165942724335e-08,4.330457125568330931e-08,4.331567046898072512e-08,4.332676929918484564e-08
4.232512621553959433e-08,4.267544137389667636e-08,4.268638251931929327e-08,4.269732328725012318e-08,4.270826367755644661e-08
4.172091941862577569e-08,4.206623369879969906e-08,4.207701865533300580e-08,4.208780323976335576e-08,4.209858745195991545e-08
4.112533789674342253e-08,4.146572268811641046e-08,4.147635368541445880e-08,4.148698431592145280e-08,4.149761457950843169e-08
4.053825852090710921e-08,4.087378419375152393e-08,4.088426342963924978e-08,4.089474230397198117e-08,4.090522081662261023e-08
3.995955991984338012e-08,4.029029583986999017e-08,4.030062548079754083e-08,4.031095476533143275e-08,4.032128369334635137e-08
3.938912245489874195e-08,3.971513699759717525e-08,3.972531917908784431e-08,3.973550100927248524e-08,3.974568248802759665e-08
3.882682819530523620e-08,3.914818876007973575e-08,3.915822558717141943e-08,3.916826206797209235e-08,3.917829820236000676e-08
3.827256089380062077e-08,3.858933391790406748e-08,3.859922746558446749e-08,3.860912067191728662e-08,3.861901353678251087e-08
3.772620596259468354e-08,3.803845693486361268e-08,3.804820924849921875e-08,3.805796122566009875e-08,3.806771286622795923e-08
